t,x,y
9.985422E-2,-2.986027E-1,2.297779E-1
1.331390E-1,-2.948364E-1,2.202025E-1
1.664237E-1,-2.868305E-1,2.007154E-1
1.997084E-1,-2.734923E-1,1.721507E-1
2.329932E-1,-2.518502E-1,1.355535E-1
2.662779E-1,-2.168052E-1,9.613833E-2
2.995627E-1,-1.715910E-1,5.875787E-2
3.328474E-1,-1.142810E-1,2.678582E-2
3.661321E-1,-4.744037E-2,6.215090E-3
3.994169E-1,2.407741E-2,-1.414856E-4
4.327016E-1,9.496955E-2,7.970528E-3
4.659864E-1,1.600959E-1,3.016090E-2
4.992711E-1,2.156519E-1,6.222636E-2
5.325558E-1,2.589011E-1,9.951253E-2
5.658406E-1,2.905143E-1,1.377403E-1
5.991253E-1,3.120643E-1,1.720712E-1
6.324100E-1,3.258404E-1,1.999160E-1
6.656948E-1,3.348098E-1,2.184137E-1
6.989795E-1,3.365486E-1,2.295575E-1
7.322643E-1,3.365415E-1,2.295696E-1
7.655490E-1,3.336094E-1,2.186557E-1
7.988337E-1,3.256104E-1,1.983182E-1
8.321185E-1,3.110785E-1,1.685962E-1
8.654032E-1,2.891079E-1,1.293675E-1
8.986880E-1,2.532269E-1,8.882889E-2
9.319727E-1,2.046741E-1,5.413892E-2
9.652574E-1,1.456228E-1,2.262473E-2
9.985422E-1,7.764135E-2,3.591716E-3
1.031827E0,5.380495E-3,-4.036695E-3
1.065112E0,-6.337463E-2,7.230931E-3
1.098396E0,-1.267488E-1,3.008949E-2
1.131681E0,-1.778820E-1,6.341114E-2
1.164966E0,-2.187693E-1,9.929089E-2
1.198251E0,-2.496246E-1,1.355031E-1
1.231535E0,-2.705909E-1,1.675339E-1
1.264820E0,-2.838524E-1,1.931384E-1
1.298105E0,-2.905343E-1,2.107837E-1
1.331390E0,-2.940108E-1,2.187745E-1
1.364674E0,-2.936239E-1,2.165649E-1
1.397959E0,-2.912946E-1,2.031416E-1
1.431244E0,-2.793127E-1,1.821197E-1
1.464529E0,-2.623151E-1,1.521109E-1
1.497813E0,-2.349328E-1,1.162745E-1
1.531098E0,-1.997412E-1,7.517338E-2
1.564383E0,-1.478391E-1,4.396805E-2
1.597667E0,-8.826353E-2,1.718212E-2
1.630952E0,-2.109598E-2,2.105010E-3
1.664237E0,4.900805E-2,2.784280E-4
1.697522E0,1.172628E-1,1.138524E-2
1.730806E0,1.774283E-1,3.733261E-2
1.764091E0,2.290711E-1,7.095165E-2
1.797376E0,2.703537E-1,1.043248E-1
1.830661E0,2.986516E-1,1.401217E-1
1.863945E0,3.149054E-1,1.733315E-1
1.897230E0,3.264172E-1,1.973509E-1
1.930515E0,3.329305E-1,2.125051E-1
1.963800E0,3.338895E-1,2.189667E-1
1.997084E0,3.325783E-1,2.145862E-1
2.030369E0,3.281309E-1,1.994549E-1
2.063654E0,3.177761E-1,1.748793E-1
2.096939E0,2.954594E-1,1.449210E-1
2.130223E0,2.663638E-1,1.072356E-1
2.163508E0,2.264776E-1,7.058415E-2
2.196793E0,1.747583E-1,3.591440E-2
2.230078E0,1.119963E-1,1.099038E-2
2.263362E0,4.357012E-2,-4.116082E-4
2.296647E0,-2.530931E-2,1.412510E-3
2.329932E0,-9.034743E-2,1.782444E-2
2.363216E0,-1.484575E-1,4.248987E-2
2.396501E0,-1.953715E-1,7.509655E-2
2.429786E0,-2.303861E-1,1.111528E-1
2.463071E0,-2.562461E-1,1.441841E-1
2.496355E0,-2.733179E-1,1.725507E-1
2.529640E0,-2.829001E-1,1.942273E-1
2.562925E0,-2.889760E-1,2.057987E-1
2.596210E0,-2.893179E-1,2.086800E-1
2.629494E0,-2.868416E-1,2.008487E-1
2.662779E0,-2.797252E-1,1.837643E-1
2.696064E0,-2.670840E-1,1.571414E-1
2.729349E0,-2.434182E-1,1.252237E-1
2.762633E0,-2.095463E-1,8.989048E-2
2.795918E0,-1.669387E-1,5.351582E-2
2.829203E0,-1.127863E-1,2.211234E-2
2.862488E0,-4.865538E-2,2.041260E-3
2.895772E0,2.002606E-2,-8.300574E-4
2.929057E0,8.712072E-2,5.672209E-3
2.962342E0,1.501108E-1,2.437435E-2
2.995627E0,2.051126E-1,5.221853E-2
3.028911E0,2.493309E-1,8.726641E-2
3.062196E0,2.835613E-1,1.201476E-1
3.095481E0,3.066609E-1,1.519638E-1
3.128766E0,3.182251E-1,1.797464E-1
3.162050E0,3.262180E-1,1.978430E-1
3.195335E0,3.299696E-1,2.071163E-1
3.228620E0,3.295333E-1,2.066967E-1
3.261904E0,3.266544E-1,1.949777E-1
3.295189E0,3.176153E-1,1.743878E-1
3.328474E0,2.992548E-1,1.460476E-1
3.361759E0,2.718240E-1,1.131073E-1
3.395043E0,2.345971E-1,7.783546E-2
3.428328E0,1.885569E-1,4.426211E-2
3.461613E0,1.307174E-1,1.530986E-2
3.494898E0,6.508502E-2,1.712099E-3
3.528182E0,-2.354438E-3,-3.899909E-3
3.561467E0,-6.809430E-2,1.043688E-2
3.594752E0,-1.284774E-1,3.084364E-2
3.628037E0,-1.778059E-1,6.138340E-2
3.661321E0,-2.166576E-1,9.616429E-2
3.694606E0,-2.461997E-1,1.285904E-1
3.727891E0,-2.659549E-1,1.570643E-1
3.761176E0,-2.776256E-1,1.798439E-1
3.794460E0,-2.836030E-1,1.943112E-1
3.827745E0,-2.865095E-1,1.987323E-1
3.861030E0,-2.841594E-1,1.943620E-1
3.894315E0,-2.774780E-1,1.797629E-1
3.927599E0,-2.650439E-1,1.566610E-1
3.960884E0,-2.445219E-1,1.263135E-1
3.994169E0,-2.156033E-1,9.064956E-2
4.027453E0,-1.722986E-1,5.957044E-2
4.060738E0,-1.202415E-1,3.035037E-2
4.094023E0,-5.998264E-2,8.011818E-3
4.127308E0,5.835830E-3,-3.144035E-4
4.160592E0,7.247865E-2,3.698896E-3
4.193877E0,1.359054E-1,1.550135E-2
4.227162E0,1.914373E-1,4.112672E-2
4.260447E0,2.373111E-1,7.357134E-2
4.293731E0,2.726682E-1,1.075114E-1
4.327016E0,2.979938E-1,1.395314E-1
4.360301E0,3.115086E-1,1.677824E-1
4.393586E0,3.208380E-1,1.868927E-1
4.426870E0,3.255671E-1,1.971338E-1
4.460155E0,3.257635E-1,1.981984E-1
4.493440E0,3.219439E-1,1.893301E-1
4.526725E0,3.148748E-1,1.693806E-1
4.560009E0,2.985828E-1,1.418916E-1
4.593294E0,2.708279E-1,1.115486E-1
4.626579E0,2.348823E-1,7.694202E-2
4.659864E0,1.899054E-1,4.610405E-2
4.693148E0,1.350195E-1,1.910471E-2
4.726433E0,7.200669E-2,2.647007E-3
4.759718E0,5.660174E-3,-4.519729E-4
4.793002E0,-5.848358E-2,8.488722E-3
4.826287E0,-1.174148E-1,2.740106E-2
4.859572E0,-1.681677E-1,5.519656E-2
4.892857E0,-2.078371E-1,8.817987E-2
4.926141E0,-2.383862E-1,1.199221E-1
4.959426E0,-2.597624E-1,1.477308E-1
4.992711E0,-2.721072E-1,1.697257E-1
5.025996E0,-2.799757E-1,1.844343E-1
5.059280E0,-2.813927E-1,1.898001E-1
5.092565E0,-2.802283E-1,1.864741E-1
5.125850E0,-2.728706E-1,1.742171E-1
5.159135E0,-2.620812E-1,1.525493E-1
5.192419E0,-2.445833E-1,9.386114E-2
5.225704E0,-2.131498E-1,9.239345E-2
5.258989E0,-1.829971E-1,6.700727E-2
5.292274E0,-1.331482E-1,3.215350E-2
5.325558E0,-7.486553E-2,1.035105E-2
5.358843E0,-2.448892E-2,2.115628E-3
5.392128E0,6.676422E-2,8.560157E-4
5.425413E0,1.025965E-1,4.564674E-3
5.458697E0,1.741410E-1,3.404971E-2
5.491982E0,2.179125E-1,6.349254E-2
5.525267E0,2.588799E-1,1.031260E-1
5.558551E0,2.795554E-1,1.233531E-1
5.591836E0,3.060119E-1,1.435540E-1
5.625121E0,3.149431E-1,1.723918E-1
5.658406E0,3.205748E-1,1.854684E-1
5.691690E0,3.210314E-1,1.888744E-1
5.724975E0,3.173122E-1,1.820180E-1
5.758260E0,3.094680E-1,1.664896E-1
5.791545E0,2.960395E-1,1.414100E-1
5.824829E0,2.750039E-1,1.124380E-1
5.858114E0,2.385338E-1,7.838723E-2
5.891399E0,1.917864E-1,4.503624E-2
5.924684E0,1.442192E-1,1.954313E-2
5.957968E0,8.632618E-2,6.843685E-3
5.991253E0,1.184841E-2,8.551359E-4
6.024538E0,-4.786618E-2,3.720517E-3
6.057823E0,-1.045748E-1,2.514510E-2
6.091107E0,-1.559431E-1,4.691693E-2
6.124392E0,-1.995716E-1,7.715843E-2
6.157677E0,-2.285992E-1,1.067654E-1
6.190962E0,-2.508516E-1,1.356167E-1
6.224246E0,-2.694394E-1,1.625412E-1
6.257531E0,-2.779967E-1,1.746912E-1
6.290816E0,-2.813578E-1,1.814385E-1
6.324100E0,-2.794371E-1,1.789948E-1
6.357385E0,-2.735628E-1,1.656756E-1
6.390670E0,-2.599665E-1,1.462719E-1
6.423955E0,-2.412681E-1,1.212225E-1
6.457239E0,-2.146836E-1,9.290010E-2
6.490524E0,-1.703425E-1,5.742468E-2
6.523809E0,-1.221478E-1,2.927859E-2
6.557094E0,-6.012022E-2,7.385064E-3
6.590378E0,-1.074063E-2,1.760145E-3
6.623663E0,6.430907E-2,1.628134E-4
6.656948E0,1.231955E-1,1.192498E-2
6.690233E0,1.885464E-1,4.638002E-2
6.723517E0,2.218264E-1,6.547182E-2
6.756802E0,2.582840E-1,1.032903E-1
6.790087E0,2.795623E-1,1.213766E-1
6.823372E0,2.964222E-1,1.434179E-1
6.856656E0,3.110124E-1,1.704498E-1
6.889941E0,3.157979E-1,1.807863E-1
6.923226E0,3.162559E-1,1.818004E-1
6.956511E0,3.123889E-1,1.736654E-1
6.989795E0,3.024745E-1,1.558757E-1
7.023080E0,2.866249E-1,1.314523E-1
7.056365E0,2.604219E-1,9.552813E-2
7.089649E0,2.281609E-1,7.336784E-2
7.122934E0,1.836309E-1,3.908880E-2
7.156219E0,1.330737E-1,1.886162E-2
7.189504E0,6.054175E-2,2.938892E-3
7.222788E0,-1.002682E-2,2.154589E-4
7.256073E0,-6.352705E-2,1.179515E-2
7.289358E0,-1.202957E-1,2.830354E-2
7.322643E0,-1.634716E-1,4.854322E-2
7.355927E0,-2.068505E-1,8.348028E-2
7.389212E0,-2.304000E-1,1.092714E-1
7.422497E0,-2.543594E-1,1.341968E-1
7.455782E0,-2.645876E-1,1.590841E-1
7.489066E0,-2.748167E-1,1.712936E-1
7.522351E0,-2.770490E-1,1.752822E-1
7.555636E0,-2.744813E-1,1.702136E-1
7.588921E0,-2.660128E-1,1.557416E-1
7.622205E0,-2.493082E-1,1.363320E-1
7.655490E0,-2.300560E-1,1.126015E-1
7.688775E0,-1.983374E-1,7.713325E-2
7.722060E0,-1.570187E-1,4.480617E-2
7.755344E0,-1.125615E-1,2.644775E-2
7.788629E0,-5.763580E-2,5.376443E-3
7.821914E0,1.940296E-2,-3.388945E-3
7.855198E0,7.604605E-2,5.406133E-4
7.888483E0,1.325901E-1,1.852389E-2
7.921768E0,1.935922E-1,4.320682E-2
7.955053E0,2.299114E-1,6.839348E-2
7.988337E0,2.600998E-1,1.029996E-1
8.021622E0,2.819250E-1,1.232705E-1
8.054907E0,2.969947E-1,1.420238E-1
8.088192E0,3.090982E-1,1.674022E-1
8.121476E0,3.126402E-1,1.743853E-1
8.154761E0,3.115097E-1,1.725089E-1
8.188046E0,3.053362E-1,1.615144E-1
8.221331E0,2.927146E-1,1.418923E-1
8.254615E0,2.760029E-1,1.186912E-1
8.287900E0,2.431847E-1,8.355584E-2
8.321185E0,2.104798E-1,5.397411E-2
8.354470E0,1.692806E-1,3.247039E-2
8.387754E0,1.145358E-1,1.023664E-2
8.421039E0,4.511683E-2,-2.532159E-3
8.454324E0,-2.150188E-2,6.206675E-5
8.487609E0,-8.337407E-2,1.717418E-2
8.520893E0,-1.226682E-1,2.927595E-2
8.554178E0,-1.599409E-1,5.514387E-2
8.587463E0,-2.117115E-1,8.728347E-2
8.620747E0,-2.430072E-1,1.202082E-1
8.654032E0,-2.553073E-1,1.350151E-1
8.687317E0,-2.637600E-1,1.573675E-1
8.720602E0,-2.686573E-1,1.669758E-1
8.753886E0,-2.690462E-1,1.673552E-1
8.787171E0,-2.640466E-1,1.588248E-1
8.820456E0,-2.534786E-1,1.416164E-1
8.853741E0,-2.346805E-1,1.169847E-1
8.887025E0,-2.177148E-1,9.499136E-2
8.920310E0,-1.764754E-1,5.940184E-2
8.953595E0,-1.406472E-1,3.613395E-2
8.986880E0,-8.624125E-2,1.768229E-2
9.020164E0,-1.490730E-2,1.017860E-3
9.053449E0,5.399102E-2,1.797607E-3
9.086734E0,1.038525E-1,9.677249E-3
9.120019E0,1.679010E-1,2.558125E-2
9.153303E0,2.165949E-1,6.016477E-2
9.186588E0,2.380844E-1,7.563464E-2
9.219873E0,2.690262E-1,1.095737E-1
9.253158E0,2.893416E-1,1.380667E-1
9.286442E0,3.020082E-1,1.527310E-1
9.319727E0,3.087076E-1,1.646158E-1
9.353012E0,3.115944E-1,1.656296E-1
9.386297E0,3.075670E-1,1.602265E-1
9.419581E0,2.978439E-1,1.450144E-1
9.452866E0,2.815500E-1,1.239367E-1
9.486151E0,2.581426E-1,9.603223E-2
9.519435E0,2.237910E-1,7.098770E-2
9.552720E0,1.849280E-1,4.214898E-2
9.586005E0,1.294338E-1,1.356134E-2
9.619290E0,8.236374E-2,6.260608E-3
9.652574E0,1.484247E-2,-3.766306E-3
9.685859E0,-4.600928E-2,3.968417E-3
9.719144E0,-9.428910E-2,1.241278E-2
9.752429E0,-1.478508E-1,4.029776E-2
9.785713E0,-1.916378E-1,7.267521E-2
9.818998E0,-2.232218E-1,9.801299E-2
9.852283E0,-2.432737E-1,1.210262E-1
9.885568E0,-2.568964E-1,1.419133E-1
9.918852E0,-2.651403E-1,1.554265E-1
9.952137E0,-2.682544E-1,1.598546E-1
9.985422E0,-2.637154E-1,1.563384E-1
1.001871E1,-2.575333E-1,1.420828E-1
1.005199E1,-2.425925E-1,1.220149E-1
1.008528E1,-2.198584E-1,9.614409E-2
1.011856E1,-1.922800E-1,7.145365E-2
1.015185E1,-1.478508E-1,4.029776E-2
1.018513E1,-9.688704E-2,1.808427E-2
1.021841E1,-4.219101E-2,9.124853E-4
1.025170E1,1.835855E-2,-3.139364E-4
1.028498E1,6.712307E-2,-1.864547E-3
1.031827E1,1.291911E-1,1.389011E-2
1.035155E1,1.818495E-1,3.197394E-2
1.038484E1,2.129422E-1,5.423838E-2
1.041812E1,2.369032E-1,6.502717E-2
1.045141E1,2.586947E-1,9.254044E-2
1.048469E1,2.776241E-1,1.097047E-1