t,x,y
0.000000E0,4.363537E-1,2.360616E-1
3.331906E-2,4.364161E-1,2.368390E-1
6.663811E-2,4.306986E-1,2.303145E-1
9.995717E-2,4.151435E-1,2.154619E-1
1.332762E-1,3.917550E-1,1.952357E-1
1.665953E-1,3.590913E-1,1.699532E-1
1.999143E-1,3.160987E-1,1.421133E-1
2.332334E-1,2.647313E-1,1.148041E-1
2.665524E-1,2.108164E-1,9.173156E-2
2.998715E-1,1.447320E-1,7.193979E-2
3.331906E-1,7.841533E-2,5.962365E-2
3.665096E-1,5.093005E-3,5.450241E-2
3.998287E-1,-6.969500E-2,5.779835E-2
4.331477E-1,-1.399421E-1,6.876532E-2
4.664668E-1,-2.069820E-1,8.673354E-2
4.997858E-1,-2.671029E-1,1.098380E-1
5.331049E-1,-3.171042E-1,1.358531E-1
5.664239E-1,-3.623145E-1,1.639327E-1
5.997430E-1,-3.977818E-1,1.896802E-1
6.330621E-1,-4.217006E-1,2.095403E-1
6.663811E-1,-4.381890E-1,2.256653E-1
6.997002E-1,-4.461793E-1,2.331447E-1
7.330192E-1,-4.462252E-1,2.330952E-1
7.663383E-1,-4.409806E-1,2.277800E-1
7.996573E-1,-4.244188E-1,2.126324E-1
8.329764E-1,-4.042025E-1,1.946977E-1
8.662954E-1,-3.712742E-1,1.693531E-1
8.996145E-1,-3.319271E-1,1.434466E-1
9.329336E-1,-2.852490E-1,1.177605E-1
9.662526E-1,-2.318599E-1,9.447174E-2
9.995717E-1,-1.686546E-1,7.399648E-2
1.032891E0,-1.055717E-1,6.043581E-2
1.066210E0,-3.299382E-2,5.299770E-2
1.099529E0,3.506994E-2,5.429419E-2
1.132848E0,1.045341E-1,6.234637E-2
1.166167E0,1.701975E-1,7.727219E-2
1.199486E0,2.293903E-1,9.705338E-2
1.232805E0,2.830147E-1,1.215134E-1
1.266124E0,3.264053E-1,1.469627E-1
1.299443E0,3.638094E-1,1.723666E-1
1.332762E0,3.947162E-1,1.947956E-1
1.366081E0,4.150121E-1,2.126924E-1
1.399400E0,4.283726E-1,2.249744E-1
1.432719E0,4.334125E-1,2.298749E-1
1.466038E0,4.307271E-1,2.279943E-1
1.499358E0,4.201980E-1,2.180936E-1
1.532677E0,4.028164E-1,2.022024E-1
1.565996E0,3.772829E-1,1.819576E-1
1.599315E0,3.417278E-1,1.568929E-1
1.632634E0,2.998835E-1,1.321695E-1
1.665953E0,2.492057E-1,1.068883E-1
1.699272E0,1.903504E-1,8.452345E-2
1.732591E0,1.246521E-1,6.697370E-2
1.765910E0,5.600066E-2,5.683188E-2
1.799229E0,-1.505147E-2,5.462446E-2
1.832548E0,-8.873445E-2,6.042394E-2
1.865867E0,-1.574761E-1,7.355564E-2
1.899186E0,-2.241082E-1,9.406690E-2
1.932505E0,-2.788783E-1,1.175173E-1
1.965824E0,-3.274968E-1,1.429828E-1
1.999143E0,-3.674541E-1,1.692765E-1
2.032462E0,-3.982056E-1,1.919571E-1
2.065781E0,-4.190825E-1,2.093530E-1
2.099101E0,-4.331850E-1,2.230477E-1
2.132420E0,-4.337068E-1,2.226888E-1
2.165739E0,-4.385589E-1,2.276428E-1
2.199058E0,-4.286054E-1,2.178482E-1
2.232377E0,-4.113822E-1,2.019704E-1
2.265696E0,-3.858348E-1,1.816081E-1
2.299015E0,-3.530894E-1,1.584476E-1
2.332334E0,-3.117688E-1,1.333643E-1
2.365653E0,-2.644450E-1,1.094344E-1
2.398972E0,-2.104895E-1,8.911745E-2
2.432291E0,-1.470868E-1,7.098813E-2
2.465610E0,-8.378075E-2,6.012580E-2
2.498929E0,-1.399305E-2,5.538036E-2
2.532248E0,5.593707E-2,5.771289E-2
2.565567E0,1.226600E-1,6.732826E-2
2.598886E0,1.879035E-1,8.418031E-2
2.632205E0,2.431689E-1,1.044797E-1
2.665524E0,2.941382E-1,1.291283E-1
2.698843E0,3.330470E-1,1.524227E-1
2.732163E0,3.667446E-1,1.751345E-1
2.765482E0,3.923834E-1,1.948056E-1
2.798801E0,4.104076E-1,2.100003E-1
2.832120E0,4.181236E-1,2.178402E-1
2.865439E0,4.207760E-1,2.201253E-1
2.898758E0,4.152874E-1,2.154387E-1
2.932077E0,4.025930E-1,2.039709E-1
2.965396E0,3.808723E-1,1.863421E-1
2.998715E0,3.530618E-1,1.654528E-1
3.032034E0,3.141862E-1,1.411566E-1
3.065353E0,2.682987E-1,1.161849E-1
3.098672E0,2.146852E-1,9.302725E-2
3.131991E0,1.513747E-1,7.350045E-2
3.165310E0,8.630801E-2,6.038155E-2
3.198629E0,1.747293E-2,5.375957E-2
3.231948E0,-5.094065E-2,5.439890E-2
3.265267E0,-1.222897E-1,6.405451E-2
3.298587E0,-1.878322E-1,8.027117E-2
3.331906E0,-2.476091E-1,1.010232E-1
3.365225E0,-2.982078E-1,1.240547E-1
3.398544E0,-3.436836E-1,1.498624E-1
3.431863E0,-3.745355E-1,1.701780E-1
3.465182E0,-3.993895E-1,1.898293E-1
3.498501E0,-4.200671E-1,2.070215E-1
3.531820E0,-4.296955E-1,2.165842E-1
3.565139E0,-4.325333E-1,2.188053E-1
3.598458E0,-4.271797E-1,2.142038E-1
3.631777E0,-4.152160E-1,2.031376E-1
3.665096E0,-3.966774E-1,1.883752E-1
3.698415E0,-3.690905E-1,1.677118E-1
3.731734E0,-3.336334E-1,1.446176E-1
3.765053E0,-2.877115E-1,1.191687E-1
3.798372E0,-2.350115E-1,9.576549E-2
3.831691E0,-1.810501E-1,7.767935E-2
3.865010E0,-1.210730E-1,6.414588E-2
3.898330E0,-5.480624E-2,5.619503E-2
3.931649E0,1.247908E-2,5.554103E-2
3.964968E0,8.054030E-2,6.093521E-2
3.998287E0,1.451746E-1,7.316227E-2
4.031606E0,2.052438E-1,9.059009E-2
4.064925E0,2.588369E-1,1.126194E-1
4.098244E0,3.027750E-1,1.357016E-1
4.131563E0,3.401920E-1,1.582966E-1
4.164882E0,3.685751E-1,1.784475E-1
4.198201E0,3.911719E-1,1.959448E-1
4.231520E0,4.057655E-1,2.083771E-1
4.264839E0,4.112192E-1,2.138857E-1
4.298158E0,4.115064E-1,2.137024E-1
4.331477E0,4.034442E-1,2.064908E-1
4.364796E0,3.883858E-1,1.934776E-1
4.398115E0,3.652772E-1,1.758569E-1
4.431434E0,3.325985E-1,1.531443E-1
4.464753E0,2.939766E-1,1.305678E-1
4.498073E0,2.478482E-1,1.081172E-1
4.531392E0,1.899952E-1,8.551093E-2
4.564711E0,1.330784E-1,7.066071E-2
4.598030E0,6.213293E-2,5.847095E-2
4.631349E0,-6.100801E-3,5.489698E-2
4.664668E0,-7.245395E-2,5.832057E-2
4.697987E0,-1.374198E-1,6.849708E-2
4.731306E0,-1.987548E-1,8.448444E-2
4.764625E0,-2.533904E-1,1.048640E-1
4.797944E0,-3.025932E-1,1.276665E-1
4.831263E0,-3.421517E-1,1.512124E-1
4.864582E0,-3.756229E-1,1.739219E-1
4.897901E0,-3.988777E-1,1.915780E-1
4.931220E0,-4.137367E-1,2.046735E-1
4.964539E0,-4.189823E-1,2.095738E-1
4.997858E0,-4.189117E-1,2.094347E-1
5.031177E0,-4.106383E-1,2.024579E-1
5.064496E0,-3.953063E-1,1.897150E-1
5.097816E0,-3.723991E-1,1.719381E-1
5.131135E0,-3.425407E-1,1.509800E-1
5.164454E0,-3.040221E-1,1.281913E-1
5.197773E0,-2.563528E-1,1.048844E-1
5.231092E0,-2.081470E-1,8.663650E-2
5.264411E0,-1.426216E-1,6.859818E-2
5.297730E0,-8.104106E-2,5.806888E-2
5.331049E0,-1.555571E-2,5.322320E-2
5.364368E0,5.039459E-2,5.616597E-2
5.397687E0,1.165296E-1,6.550319E-2
5.431006E0,1.777615E-1,8.064220E-2
5.464325E0,2.346169E-1,1.002233E-1
5.497644E0,2.828625E-1,1.228051E-1
5.530963E0,3.232692E-1,1.455976E-1
5.564282E0,3.544793E-1,1.658925E-1
5.597601E0,3.781539E-1,1.839024E-1
5.630920E0,3.964404E-1,1.984792E-1
5.664239E0,4.058814E-1,2.068096E-1
5.697559E0,4.089753E-1,2.088459E-1
5.730878E0,4.033841E-1,2.043495E-1
5.764197E0,3.911860E-1,1.936894E-1
5.797516E0,3.726164E-1,1.787937E-1
5.830835E0,3.445349E-1,1.588485E-1
5.864154E0,3.120680E-1,1.379098E-1
5.897473E0,2.686337E-1,1.154459E-1
5.930792E0,2.151653E-1,9.306414E-2
5.964111E0,1.590038E-1,7.550319E-2
5.997430E0,9.744817E-2,6.306803E-2
6.030749E0,3.130213E-2,5.594453E-2
6.064068E0,-3.483368E-2,5.599895E-2
6.097387E0,-1.009387E-1,6.222689E-2
6.130706E0,-1.658352E-1,7.514425E-2
6.164025E0,-2.230713E-1,9.296998E-2
6.197344E0,-2.737520E-1,1.138346E-1
6.230663E0,-3.186799E-1,1.365862E-1
6.263982E0,-3.514766E-1,1.574712E-1
6.297302E0,-3.799233E-1,1.774807E-1
6.330621E0,-3.965830E-1,1.910505E-1
6.363940E0,-4.097356E-1,2.009090E-1
6.397259E0,-4.124002E-1,2.033915E-1
6.430578E0,-4.067730E-1,1.988977E-1
6.463897E0,-3.944084E-1,1.883809E-1
6.497216E0,-3.741950E-1,1.729212E-1
6.530535E0,-3.465826E-1,1.546673E-1
6.563854E0,-3.132590E-1,1.342837E-1
6.597173E0,-2.735340E-1,1.132775E-1
6.630492E0,-2.227609E-1,9.276950E-2
6.663811E0,-1.657190E-1,7.496413E-2
6.697130E0,-1.032429E-1,6.207618E-2
6.730449E0,-4.641126E-2,5.621184E-2
6.763768E0,1.856830E-2,5.553860E-2
6.797087E0,8.236171E-2,6.111955E-2
6.830406E0,1.445761E-1,7.302525E-2
6.863725E0,2.033687E-1,9.027965E-2
6.897045E0,2.542253E-1,1.106197E-1
6.930364E0,2.984309E-1,1.327574E-1
6.963683E0,3.325326E-1,1.531395E-1
6.997002E0,3.588489E-1,1.711921E-1
7.030321E0,3.794735E-1,1.861824E-1
7.063640E0,3.923238E-1,1.964315E-1
7.096959E0,3.978489E-1,2.008768E-1
7.130278E0,3.977427E-1,2.007697E-1
7.163597E0,3.884839E-1,1.935213E-1
7.196916E0,3.720166E-1,1.806933E-1
7.230235E0,3.475403E-1,1.634062E-1
7.263554E0,3.163989E-1,1.429224E-1
7.296873E0,2.749486E-1,1.207323E-1
7.330192E0,2.293215E-1,1.002345E-1
7.363511E0,1.729223E-1,8.069102E-2
7.396830E0,1.118100E-1,6.588843E-2
7.430149E0,5.594219E-2,5.805944E-2
7.463468E0,-1.039207E-2,5.576013E-2
7.496787E0,-7.676641E-2,5.955752E-2
7.530107E0,-1.392264E-1,6.964416E-2
7.563426E0,-1.984392E-1,8.519817E-2
7.596745E0,-2.488951E-1,1.038132E-1
7.630064E0,-2.939332E-1,1.244368E-1
7.663383E0,-3.351557E-1,1.469013E-1
7.696702E0,-3.630291E-1,1.652169E-1
7.730021E0,-3.837183E-1,1.802119E-1
7.763340E0,-3.960738E-1,1.907344E-1
7.796659E0,-4.028272E-1,1.961543E-1
7.829978E0,-4.003061E-1,1.938285E-1
7.863297E0,-3.907678E-1,1.857339E-1
7.896616E0,-3.733689E-1,1.727137E-1
7.929935E0,-3.508416E-1,1.571168E-1
7.963254E0,-3.172051E-1,1.371185E-1
7.996573E0,-2.789523E-1,1.163483E-1
8.029892E0,-2.310071E-1,9.604097E-2
8.063211E0,-1.777273E-1,7.785813E-2
8.096531E0,-1.170887E-1,6.423232E-2
8.129850E0,-5.545785E-2,5.628819E-2
8.163169E0,6.889625E-3,5.374352E-2
8.196488E0,6.978873E-2,5.829525E-2
8.229807E0,1.308643E-1,6.822900E-2
8.263126E0,1.873469E-1,8.294937E-2
8.296445E0,2.407093E-1,1.028131E-1
8.329764E0,2.840223E-1,1.229700E-1
8.363083E0,3.199714E-1,1.429854E-1
8.396402E0,3.475930E-1,1.610580E-1
8.429721E0,3.685669E-1,1.760083E-1
8.463040E0,3.840203E-1,1.881505E-1
8.496359E0,3.935175E-1,1.958709E-1
8.529678E0,3.936268E-1,1.962395E-1
8.562997E0,3.865462E-1,1.907909E-1
8.596316E0,3.731457E-1,1.808518E-1
8.629635E0,3.524889E-1,1.659570E-1
8.662954E0,3.223432E-1,1.457721E-1
8.696274E0,2.861528E-1,1.256938E-1
8.729593E0,2.434062E-1,1.053241E-1
8.762912E0,1.899444E-1,8.551334E-2
8.796231E0,1.339915E-1,7.034245E-2
8.829550E0,6.764936E-2,5.878261E-2
8.862869E0,4.259546E-3,5.405740E-2
8.896188E0,-6.212852E-2,5.654922E-2
8.929507E0,-1.206994E-1,6.455488E-2
8.962826E0,-1.773455E-1,7.759189E-2
8.996145E0,-2.314181E-1,9.545765E-2
9.029464E0,-2.792230E-1,1.161392E-1
9.062783E0,-3.181692E-1,1.367473E-1
9.096102E0,-3.514015E-1,1.573970E-1
9.129421E0,-3.738810E-1,1.730874E-1
9.162740E0,-3.894516E-1,1.846992E-1
9.196059E0,-3.970745E-1,1.906618E-1
9.229378E0,-3.971613E-1,1.907982E-1
9.262697E0,-3.914277E-1,1.860622E-1
9.296017E0,-3.773906E-1,1.749766E-1
9.329336E0,-3.545959E-1,1.596246E-1
9.362655E0,-3.259778E-1,1.419451E-1
9.395974E0,-2.885546E-1,1.213526E-1
9.429293E0,-2.427344E-1,1.009481E-1
9.462612E0,-1.921155E-1,8.281345E-2
9.495931E0,-1.437191E-1,6.961050E-2
9.529250E0,-8.265178E-2,5.932674E-2
9.562569E0,-1.944409E-2,5.422526E-2
9.595888E0,4.145160E-2,5.580187E-2
9.629207E0,1.026564E-1,6.344920E-2
9.662526E0,1.590631E-1,7.555305E-2
9.695845E0,2.130957E-1,9.261784E-2
9.729164E0,2.610824E-1,1.128186E-1
9.762483E0,2.997105E-1,1.327364E-1
9.795802E0,3.324734E-1,1.530331E-1
9.829121E0,3.553505E-1,1.685581E-1
9.862440E0,3.731392E-1,1.811221E-1
9.895760E0,3.832212E-1,1.888488E-1
9.929079E0,3.861510E-1,1.908522E-1
9.962398E0,3.828905E-1,1.887142E-1
9.995717E0,3.705433E-1,1.786984E-1
1.002904E1,3.528264E-1,1.656693E-1
1.006235E1,3.266741E-1,1.485596E-1
1.009567E1,2.919877E-1,1.279103E-1
1.012899E1,2.504137E-1,1.083151E-1
1.016231E1,1.997787E-1,8.815067E-2
1.019563E1,1.475176E-1,7.292798E-2
1.022895E1,8.644677E-2,6.089075E-2
1.026227E1,2.755537E-2,5.554907E-2
1.029559E1,-3.661011E-2,5.604865E-2
1.032891E1,-9.820369E-2,6.192058E-2
1.036223E1,-1.619374E-1,7.472061E-2
1.039555E1,-2.138178E-1,9.036723E-2
1.042886E1,-2.600116E-1,1.085816E-1
1.046218E1,-3.031226E-1,1.291319E-1
1.049550E1,-3.345325E-1,1.472969E-1
1.052882E1,-3.581874E-1,1.625275E-1
1.056214E1,-3.754810E-1,1.752761E-1
1.059546E1,-3.859991E-1,1.828972E-1
1.062878E1,-3.887508E-1,1.850624E-1
1.066210E1,-3.854018E-1,1.828677E-1
1.069542E1,-3.726430E-1,1.731364E-1
1.072874E1,-3.549719E-1,1.600832E-1
1.076205E1,-3.300668E-1,1.443524E-1
1.079537E1,-2.971179E-1,1.262094E-1
1.082869E1,-2.589283E-1,1.083189E-1
1.086201E1,-2.080159E-1,8.804608E-2
1.089533E1,-1.545403E-1,7.251952E-2
1.092865E1,-9.854610E-2,6.191524E-2
1.096197E1,-3.803667E-2,5.605354E-2
1.099529E1,2.291635E-2,5.601017E-2
1.102861E1,8.381691E-2,6.122587E-2
1.106193E1,1.450087E-1,7.272618E-2
1.109525E1,1.964938E-1,8.780687E-2
1.112856E1,2.422354E-1,1.053420E-1
1.116188E1,2.801185E-1,1.233580E-1
1.119520E1,3.160824E-1,1.428111E-1
1.122852E1,3.437398E-1,1.606926E-1
1.126184E1,3.620662E-1,1.731571E-1
1.129516E1,3.721272E-1,1.811076E-1
1.132848E1,3.764099E-1,1.840770E-1
1.136180E1,3.738893E-1,1.816836E-1
1.139512E1,3.640705E-1,1.738118E-1
1.142844E1,3.463435E-1,1.610891E-1
1.146176E1,3.230188E-1,1.458387E-1
1.149507E1,2.926932E-1,1.277801E-1
1.152839E1,2.515223E-1,1.084814E-1
1.156171E1,2.066442E-1,9.009250E-2
1.159503E1,1.553746E-1,7.534163E-2
1.162835E1,9.883290E-2,6.337378E-2
1.166167E1,3.601866E-2,5.592490E-2
1.169499E1,-2.679760E-2,5.503214E-2
1.172831E1,-8.913635E-2,6.025568E-2
1.176163E1,-1.462706E-1,7.085920E-2
1.179495E1,-2.028552E-1,8.661507E-2
1.182826E1,-2.514063E-1,1.045560E-1
1.186158E1,-2.914546E-1,1.230033E-1
1.189490E1,-3.249733E-1,1.408292E-1
1.192822E1,-3.499908E-1,1.563763E-1
1.196154E1,-3.683258E-1,1.687852E-1
1.199486E1,-3.782884E-1,1.765692E-1
1.202818E1,-3.814388E-1,1.791958E-1
1.206150E1,-3.783693E-1,1.766317E-1
1.209482E1,-3.677649E-1,1.689391E-1
1.212814E1,-3.482191E-1,1.558285E-1
1.216146E1,-3.242866E-1,1.410456E-1
1.219477E1,-2.917559E-1,1.228123E-1
1.222809E1,-2.538389E-1,1.047140E-1
1.226141E1,-2.073552E-1,8.671284E-2
1.229473E1,-1.534627E-1,7.132231E-2
1.232805E1,-9.784029E-2,6.049315E-2
1.236137E1,-3.912047E-2,5.492433E-2
1.239469E1,1.809868E-2,5.455818E-2
1.242801E1,7.634006E-2,5.954245E-2
1.246133E1,1.327618E-1,6.947612E-2
1.249465E1,1.873632E-1,8.415652E-2
1.252796E1,2.299871E-1,9.956804E-2
1.256128E1,2.696303E-1,1.171835E-1
1.259460E1,3.033981E-1,1.344805E-1
1.262792E1,3.282446E-1,1.497630E-1
1.266124E1,3.477772E-1,1.624502E-1
1.269456E1,3.624644E-1,1.722017E-1
1.272788E1,3.702145E-1,1.773348E-1
1.276120E1,3.703013E-1,1.772781E-1
1.279452E1,3.602786E-1,1.699685E-1
1.282784E1,3.451818E-1,1.595227E-1
1.286116E1,3.218235E-1,1.446601E-1
1.289447E1,2.910638E-1,1.271726E-1
1.292779E1,2.553556E-1,1.093905E-1
1.296111E1,2.125759E-1,9.178886E-2
1.299443E1,1.570882E-1,7.437988E-2
1.302775E1,9.823317E-2,6.193931E-2
1.306107E1,4.002559E-2,5.498038E-2
1.309439E1,-1.892351E-2,5.295460E-2
1.312771E1,-8.356742E-2,5.791697E-2
1.316103E1,-1.434505E-1,6.836749E-2
1.319435E1,-1.943028E-1,8.149948E-2
1.322767E1,-2.444829E-1,9.983702E-2
1.326098E1,-2.856307E-1,1.175772E-1
1.329430E1,-3.196935E-1,1.356449E-1
1.332762E1,-3.453713E-1,1.508865E-1
1.336094E1,-3.647491E-1,1.637012E-1
1.339426E1,-3.751105E-1,1.716620E-1
1.342758E1,-3.785647E-1,1.740234E-1
1.346090E1,-3.780675E-1,1.739563E-1
1.349422E1,-3.675741E-1,1.666556E-1
1.352754E1,-3.488146E-1,1.536685E-1
1.356086E1,-3.282868E-1,1.408137E-1
1.359417E1,-2.960276E-1,1.225635E-1
1.362749E1,-2.573994E-1,1.049142E-1
1.366081E1,-2.097877E-1,8.661986E-2
1.369413E1,-1.646285E-1,7.368615E-2
1.372745E1,-1.054021E-1,6.077703E-2
1.376077E1,-5.223314E-2,5.506630E-2
1.379409E1,4.168811E-3,5.434049E-2
1.382741E1,6.268257E-2,5.767688E-2
1.386073E1,1.192866E-1,6.656121E-2
1.389405E1,1.712398E-1,7.944534E-2
1.392737E1,2.180112E-1,9.441521E-2
1.396068E1,2.584497E-1,1.117332E-1
1.399400E1,2.932765E-1,1.292976E-1
1.402732E1,3.195517E-1,1.446495E-1
1.406064E1,3.398372E-1,1.573156E-1
1.409396E1,3.548869E-1,1.672792E-1
1.412728E1,3.625994E-1,1.722291E-1
1.416060E1,3.626539E-1,1.723445E-1
1.419392E1,3.555826E-1,1.668391E-1
1.422724E1,3.402760E-1,1.569109E-1
1.426056E1,3.194275E-1,1.442437E-1
1.429387E1,2.891013E-1,1.268991E-1
1.432719E1,2.528845E-1,1.096211E-1
1.436051E1,2.098457E-1,9.179859E-2
1.439383E1,1.618133E-1,7.676104E-2
1.442715E1,1.076711E-1,6.461211E-2
1.446047E1,5.196978E-2,5.705109E-2
1.449379E1,-6.208730E-3,5.483920E-2
1.452711E1,-6.738945E-2,5.779238E-2
1.456043E1,-1.240651E-1,6.588167E-2
1.459375E1,-1.782366E-1,7.872720E-2
1.462707E1,-2.257511E-1,9.431755E-2
1.466038E1,-2.686205E-1,1.122271E-1
1.469370E1,-3.047193E-1,1.301793E-1
1.472702E1,-3.321132E-1,1.459603E-1
1.476034E1,-3.526643E-1,1.585919E-1
1.479366E1,-3.634743E-1,1.660760E-1
1.482698E1,-3.705112E-1,1.712478E-1
1.486030E1,-3.700506E-1,1.714700E-1
1.489362E1,-3.602448E-1,1.639438E-1
1.492694E1,-3.450863E-1,1.536202E-1
1.496026E1,-3.197245E-1,1.383360E-1
1.499357E1,-2.916883E-1,1.227851E-1
1.502689E1,-2.536405E-1,1.048512E-1
1.506021E1,-2.128410E-1,8.936499E-2
1.509353E1,-1.620194E-1,7.381960E-2
1.512685E1,-1.109383E-1,6.306456E-2
1.516017E1,-5.186423E-2,5.564772E-2
1.519349E1,1.715821E-3,5.445331E-2
1.522681E1,5.887937E-2,5.754911E-2
1.526013E1,1.137419E-1,6.511319E-2
1.529345E1,1.675052E-1,7.814506E-2
1.532677E1,2.135376E-1,9.305318E-2
1.536008E1,2.519605E-1,1.084523E-1
1.539340E1,2.875882E-1,1.255632E-1
1.542672E1,3.151593E-1,1.409209E-1
1.546004E1,3.362485E-1,1.533712E-1
1.549336E1,3.511034E-1,1.633251E-1
1.552668E1,3.586955E-1,1.685714E-1
1.556000E1,3.589710E-1,1.684121E-1
1.559332E1,3.516737E-1,1.632038E-1
1.562664E1,3.363852E-1,1.533554E-1
1.565996E1,3.157504E-1,1.406894E-1
1.569328E1,2.878162E-1,1.254237E-1
1.572659E1,2.517146E-1,1.082101E-1
1.575991E1,2.086865E-1,9.058526E-2
1.579323E1,1.598072E-1,7.574140E-2
1.582655E1,1.067434E-1,6.343198E-2
1.585987E1,5.071125E-2,5.599522E-2
1.589319E1,-7.153573E-3,5.372547E-2
1.592651E1,-6.593759E-2,5.647939E-2
1.595983E1,-1.213710E-1,6.452209E-2
1.599315E1,-1.781326E-1,7.749895E-2
1.602647E1,-2.255226E-1,9.325452E-2
1.605978E1,-2.640135E-1,1.086241E-1
1.609310E1,-2.967014E-1,1.242556E-1
1.612642E1,-3.245075E-1,1.396679E-1
1.615974E1,-3.454437E-1,1.521438E-1
1.619306E1,-3.566227E-1,1.599577E-1
1.622638E1,-3.641500E-1,1.649806E-1
1.625970E1,-3.640147E-1,1.650673E-1
1.629302E1,-3.524491E-1,1.575988E-1
1.632634E1,-3.366973E-1,1.470957E-1
1.635966E1,-3.148493E-1,1.342323E-1
1.639298E1,-2.851222E-1,1.189334E-1
1.642629E1,-2.514547E-1,1.033469E-1
1.645961E1,-2.105215E-1,8.798929E-2
1.649293E1,-1.650328E-1,7.496397E-2
1.652625E1,-1.134260E-1,6.421944E-2
1.655957E1,-5.558285E-2,5.672149E-2
1.659289E1,-1.147170E-3,5.476561E-2
1.662621E1,5.580243E-2,5.769979E-2
1.665953E1,1.107452E-1,6.473540E-2
1.669285E1,1.615437E-1,7.654178E-2
1.672617E1,2.096103E-1,9.159079E-2
1.675948E1,2.479352E-1,1.069769E-1
1.679280E1,2.808011E-1,1.222860E-1
1.682612E1,3.088211E-1,1.371946E-1
1.685944E1,3.296431E-1,1.495805E-1
1.689276E1,3.420248E-1,1.576263E-1
1.692608E1,3.497246E-1,1.623105E-1
1.695940E1,3.500860E-1,1.621361E-1
1.699272E1,3.423158E-1,1.571957E-1
1.702604E1,3.267962E-1,1.474510E-1
1.705936E1,3.048078E-1,1.343149E-1
1.709268E1,2.765187E-1,1.192670E-1
1.712599E1,2.430970E-1,1.039847E-1
1.715931E1,2.028647E-1,8.883757E-2
1.719263E1,1.539398E-1,7.438743E-2
1.722595E1,9.788321E-2,6.229631E-2
1.725927E1,5.166440E-2,5.689966E-2
1.729259E1,-4.782851E-3,5.459540E-2
1.732591E1,-6.279089E-2,5.763042E-2
1.735923E1,-1.161081E-1,6.535309E-2
1.739255E1,-1.686756E-1,7.654524E-2
1.742587E1,-2.166874E-1,9.137198E-2
1.745919E1,-2.563051E-1,1.072038E-1
1.749250E1,-2.889693E-1,1.226510E-1
1.752582E1,-3.175938E-1,1.377894E-1
1.755914E1,-3.394468E-1,1.506620E-1
1.759246E1,-3.509770E-1,1.586978E-1
1.762578E1,-3.553317E-1,1.611927E-1
1.765910E1,-3.551217E-1,1.609987E-1
1.769242E1,-3.438864E-1,1.535196E-1
1.772574E1,-3.278535E-1,1.431642E-1
1.775906E1,-3.046756E-1,1.301994E-1
1.779238E1,-2.747112E-1,1.149389E-1
1.782569E1,-2.384382E-1,9.942718E-2
1.785901E1,-1.953899E-1,8.414793E-2
1.789233E1,-1.487557E-1,7.109407E-2
1.792565E1,-9.569642E-2,6.079974E-2
1.795897E1,-4.218367E-2,5.522783E-2
1.799229E1,1.190341E-2,5.451486E-2
1.802561E1,6.959715E-2,5.933301E-2
1.805893E1,1.204273E-1,6.697481E-2
1.809225E1,1.703893E-1,7.935117E-2
1.812557E1,2.120111E-1,9.061997E-2
1.815889E1,2.474103E-1,1.066406E-1
1.819220E1,2.795048E-1,1.222092E-1
1.822552E1,3.027873E-1,1.357452E-1
1.825884E1,3.188676E-1,1.460639E-1
1.829216E1,3.365497E-1,1.563733E-1
1.832548E1,3.442050E-1,1.612443E-1
1.835880E1,3.440264E-1,1.613356E-1
1.839212E1,3.367767E-1,1.561809E-1
1.842544E1,3.209690E-1,1.464529E-1
1.845876E1,3.000588E-1,1.336415E-1
1.849208E1,2.708505E-1,1.183855E-1
1.852539E1,2.368814E-1,1.035428E-1
1.855871E1,1.972572E-1,8.849808E-2
1.859203E1,1.545721E-1,7.586834E-2
1.862535E1,1.002515E-1,6.392166E-2
1.865867E1,4.464888E-2,5.651482E-2
1.869199E1,-8.944648E-3,5.438018E-2
1.872531E1,-6.503616E-2,5.699718E-2
1.875863E1,-1.217826E-1,6.481916E-2
1.879195E1,-1.680438E-1,7.545642E-2
1.882527E1,-2.178185E-1,9.076926E-2
1.885859E1,-2.577231E-1,1.062588E-1
1.889190E1,-2.904123E-1,1.216866E-1
1.892522E1,-3.181040E-1,1.371740E-1
1.895854E1,-3.357144E-1,1.475162E-1
1.899186E1,-3.480595E-1,1.554314E-1
1.902518E1,-3.523773E-1,1.576867E-1
1.905850E1,-3.519263E-1,1.578739E-1
1.909182E1,-3.418438E-1,1.504173E-1
1.912514E1,-3.248363E-1,1.396314E-1
1.915846E1,-3.017927E-1,1.268975E-1
1.919178E1,-2.714809E-1,1.114625E-1
1.922510E1,-2.404270E-1,9.877532E-2
1.925841E1,-1.978442E-1,8.305006E-2
1.929173E1,-1.517770E-1,7.018704E-2
1.932505E1,-9.863393E-2,5.981357E-2
1.935837E1,-4.589719E-2,5.413307E-2
1.939169E1,8.121965E-3,5.373148E-2
1.942501E1,6.161221E-2,5.660049E-2
1.945833E1,1.124072E-1,6.387196E-2
1.949165E1,1.623045E-1,7.571673E-2
1.952497E1,2.032166E-1,8.854494E-2
1.955829E1,2.410418E-1,1.034050E-1
1.959160E1,2.722398E-1,1.184586E-1
1.962492E1,2.980053E-1,1.312400E-1
1.965824E1,3.159300E-1,1.415383E-1
1.969156E1,3.286549E-1,1.489781E-1
1.972488E1,3.333592E-1,1.517019E-1
1.975820E1,3.335640E-1,1.513926E-1
1.979152E1,3.259329E-1,1.461438E-1
1.982484E1,3.089454E-1,1.363638E-1
1.985816E1,2.860198E-1,1.238377E-1
1.989148E1,2.587374E-1,1.106532E-1
1.992480E1,2.231941E-1,9.568277E-2
1.995811E1,1.797178E-1,8.094825E-2
1.999143E1,1.323044E-1,6.848612E-2
2.002475E1,8.141726E-2,5.897846E-2
2.005807E1,2.529215E-2,5.371656E-2
2.009139E1,-2.953842E-2,5.387837E-2
2.012471E1,-8.602305E-2,5.941270E-2
2.015803E1,-1.363102E-1,6.765014E-2
2.019135E1,-1.853765E-1,8.040036E-2
2.022467E1,-2.301432E-1,9.634071E-2
2.025799E1,-2.684567E-1,1.118975E-1
2.029130E1,-2.996787E-1,1.265168E-1
2.032462E1,-3.166757E-1,1.347721E-1
2.035794E1,-3.346125E-1,1.450844E-1
2.039126E1,-3.428446E-1,1.499301E-1
2.042458E1,-3.465057E-1,1.524962E-1
2.045790E1,-3.422263E-1,1.501578E-1
2.049122E1,-3.334811E-1,1.447406E-1
2.052454E1,-3.162301E-1,1.343830E-1
2.055786E1,-2.925829E-1,1.219097E-1
2.059118E1,-2.652347E-1,1.086959E-1
2.062450E1,-2.288982E-1,9.384210E-2
2.065781E1,-1.840482E-1,7.805775E-2
2.069113E1,-1.410393E-1,6.728824E-2
2.072445E1,-9.265009E-2,5.931132E-2
2.075777E1,-3.885768E-2,5.441736E-2
2.079109E1,1.220618E-2,5.389020E-2
2.082441E1,6.490007E-2,5.829601E-2
2.085773E1,1.161157E-1,6.602482E-2
2.089105E1,1.614583E-1,7.634926E-2
2.092437E1,2.018780E-1,8.880283E-2
2.095769E1,2.396587E-1,1.032284E-1
2.099101E1,2.680905E-1,1.161988E-1
2.102432E1,2.914270E-1,1.285096E-1
2.105764E1,3.099618E-1,1.387064E-1
2.109096E1,3.223651E-1,1.459903E-1
2.112428E1,3.259608E-1,1.487291E-1
2.115760E1,3.262179E-1,1.484121E-1
2.119092E1,3.182479E-1,1.436788E-1
2.122424E1,3.009267E-1,1.336345E-1
2.125756E1,2.776321E-1,1.212421E-1
2.129088E1,2.501201E-1,1.081062E-1
2.132420E1,2.134037E-1,9.339609E-2
2.135751E1,1.696935E-1,7.876449E-2
2.139083E1,1.223851E-1,6.648538E-2
2.142415E1,6.948071E-2,5.836953E-2
2.145747E1,1.531890E-2,5.439109E-2
2.149079E1,-3.867819E-2,5.430237E-2
2.152411E1,-9.291045E-2,5.943903E-2
2.155743E1,-1.443687E-1,6.990425E-2
2.159075E1,-1.919099E-1,8.291414E-2
2.162407E1,-2.345852E-1,9.855818E-2
2.165739E1,-2.702433E-1,1.140645E-1
2.169071E1,-3.004603E-1,1.292900E-1
2.172402E1,-3.206993E-1,1.398085E-1
2.175734E1,-3.356047E-1,1.478025E-1
2.179066E1,-3.461457E-1,1.550511E-1
2.182398E1,-3.489882E-1,1.572458E-1
2.185730E1,-3.431926E-1,1.532054E-1
2.189062E1,-3.336218E-1,1.472856E-1
2.192394E1,-3.134821E-1,1.343763E-1
2.195726E1,-2.901618E-1,1.218891E-1
2.199058E1,-2.575936E-1,1.061652E-1
2.202390E1,-2.191561E-1,9.083130E-2
2.205721E1,-1.784297E-1,7.789295E-2
2.209053E1,-1.332911E-1,6.717048E-2
2.212385E1,-8.448326E-2,5.944151E-2
2.215717E1,-3.134318E-2,5.454270E-2
2.219049E1,2.176452E-2,5.416266E-2
2.222381E1,7.272570E-2,5.858373E-2
2.225713E1,1.211770E-1,6.625619E-2
2.229045E1,1.698915E-1,7.804742E-2
2.232377E1,2.081964E-1,9.083666E-2
2.235709E1,2.408584E-1,1.036575E-1
2.239041E1,2.722051E-1,1.183410E-1
2.242372E1,2.962558E-1,1.307238E-1
2.245704E1,3.132543E-1,1.411129E-1
2.249036E1,3.219931E-1,1.463265E-1
2.252368E1,3.261091E-1,1.487342E-1
2.255700E1,3.219115E-1,1.464090E-1
2.259032E1,3.108015E-1,1.388783E-1
2.262364E1,2.930448E-1,1.288384E-1
2.265696E1,2.690054E-1,1.161707E-1
2.269028E1,2.405462E-1,1.032978E-1
2.272360E1,2.021328E-1,8.869448E-2
2.275691E1,1.622389E-1,7.578499E-2
2.279023E1,1.188523E-1,6.571796E-2
2.282355E1,7.250544E-2,5.873196E-2
2.285687E1,1.758060E-2,5.408065E-2
2.289019E1,-3.282206E-2,5.416905E-2
2.292351E1,-8.605661E-2,5.923990E-2
2.295683E1,-1.349889E-1,6.760028E-2
2.299015E1,-1.858829E-1,8.055550E-2
2.302347E1,-2.192359E-1,9.106833E-2
2.305679E1,-2.523401E-1,1.039390E-1
2.309011E1,-2.802430E-1,1.165603E-1
2.312342E1,-3.052229E-1,1.294331E-1
2.315674E1,-3.187733E-1,1.369460E-1
2.319006E1,-3.270009E-1,1.422358E-1
2.322338E1,-3.272725E-1,1.422990E-1
2.325670E1,-3.225897E-1,1.394929E-1
2.329002E1,-3.091906E-1,1.320707E-1
2.332334E1,-2.896082E-1,1.216480E-1
2.335666E1,-2.627300E-1,1.089771E-1
2.338998E1,-2.314514E-1,9.609134E-2
2.342330E1,-1.951058E-1,8.307969E-2
2.345662E1,-1.583037E-1,7.254020E-2
2.348993E1,-1.085847E-1,6.228927E-2
2.352325E1,-6.546946E-2,5.683878E-2
2.355657E1,-1.487917E-2,5.407216E-2
2.358989E1,4.355224E-2,5.620622E-2
2.362321E1,8.901305E-2,6.119809E-2
2.365653E1,1.399708E-1,7.104427E-2
2.368985E1,1.776981E-1,8.086300E-2
2.372317E1,2.143762E-1,9.345063E-2
2.375649E1,2.456258E-1,1.060460E-1
2.378981E1,2.734416E-1,1.187931E-1
2.382312E1,2.929872E-1,1.287967E-1
2.385644E1,3.071508E-1,1.362887E-1
2.388976E1,3.153100E-1,1.409945E-1
2.392308E1,3.153662E-1,1.413106E-1
2.395640E1,3.099721E-1,1.385791E-1
2.398972E1,3.001526E-1,1.332184E-1
2.402304E1,2.814684E-1,1.236273E-1
2.405636E1,2.559250E-1,1.111738E-1
2.408968E1,2.265250E-1,9.830304E-2
2.412300E1,1.866744E-1,8.373292E-2
2.415632E1,1.426969E-1,7.123086E-2
2.418963E1,9.478897E-2,6.143117E-2
2.422295E1,4.363742E-2,5.585267E-2
2.425627E1,-7.885208E-3,5.411199E-2
2.428959E1,-6.049142E-2,5.679657E-2
2.432291E1,-1.085636E-1,6.245132E-2
2.435623E1,-1.575275E-1,7.256195E-2
2.438955E1,-2.008161E-1,8.541007E-2
2.442287E1,-2.408928E-1,1.010257E-1
2.445619E1,-2.740220E-1,1.164683E-1
2.448951E1,-2.966641E-1,1.270581E-1
2.452282E1,-3.123123E-1,1.343427E-1
2.455614E1,-3.247782E-1,1.422144E-1
2.458946E1,-3.298546E-1,1.448544E-1
2.462278E1,-3.295149E-1,1.449811E-1
2.465610E1,-3.246706E-1,1.422726E-1
2.468942E1,-3.117277E-1,1.347958E-1
2.472274E1,-2.890432E-1,1.218125E-1
2.475606E1,-2.664618E-1,1.113429E-1
2.478938E1,-2.327043E-1,9.645018E-2
2.482270E1,-1.949160E-1,8.310051E-2
2.485602E1,-1.495347E-1,7.009944E-2
2.488933E1,-1.062552E-1,6.215055E-2
2.492265E1,-5.784949E-2,5.660140E-2
2.495597E1,-7.281349E-3,5.420604E-2
2.498929E1,4.167608E-2,5.600840E-2
2.502261E1,8.965058E-2,6.149161E-2
2.505593E1,1.379076E-1,7.065936E-2
2.508925E1,1.778661E-1,8.138418E-2
2.512257E1,2.157693E-1,9.336081E-2
2.515589E1,2.461965E-1,1.059027E-1
2.518921E1,2.718661E-1,1.183223E-1
2.522253E1,2.912694E-1,1.287448E-1
2.525584E1,3.050478E-1,1.359906E-1
2.528916E1,3.093340E-1,1.390094E-1
2.532248E1,3.096230E-1,1.387557E-1
2.535580E1,3.050449E-1,1.357509E-1
2.538912E1,2.918357E-1,1.285871E-1
2.542244E1,2.717379E-1,1.184428E-1
2.545576E1,2.450021E-1,1.060369E-1
2.548908E1,2.136152E-1,9.352182E-2
2.552240E1,1.761169E-1,8.080719E-2
2.555572E1,1.377189E-1,7.088105E-2
2.558903E1,8.792503E-2,6.115216E-2
2.562235E1,4.192569E-2,5.625313E-2
2.565567E1,-8.963559E-3,5.414049E-2
2.568899E1,-6.134036E-2,5.686973E-2
2.572231E1,-1.056811E-1,6.237687E-2
2.575563E1,-1.568870E-1,7.268199E-2
2.578895E1,-1.948075E-1,8.327194E-2
2.582227E1,-2.312022E-1,9.590876E-2
2.585559E1,-2.560730E-1,1.065523E-1
2.588891E1,-2.790962E-1,1.168288E-1
2.592223E1,-2.994189E-1,1.266534E-1
2.595554E1,-3.085556E-1,1.319890E-1
2.598886E1,-3.131335E-1,1.345864E-1
2.602218E1,-3.131096E-1,1.345328E-1
2.605550E1,-3.039482E-1,1.294713E-1
2.608882E1,-2.892129E-1,1.216967E-1
2.612214E1,-2.681824E-1,1.117016E-1
2.615546E1,-2.384921E-1,9.859090E-2
2.618878E1,-2.033951E-1,8.574885E-2
2.622210E1,-1.692235E-1,7.512422E-2
2.625542E1,-1.219252E-1,6.495230E-2
2.628873E1,-7.629030E-2,5.746173E-2
2.632205E1,-2.714672E-2,5.407668E-2
2.635537E1,2.068503E-2,5.396826E-2
2.638869E1,6.993975E-2,5.847843E-2
2.642201E1,1.173798E-1,6.612141E-2
2.645533E1,1.603408E-1,7.617363E-2
2.648865E1,2.011208E-1,8.850580E-2
2.652197E1,2.373577E-1,1.031881E-1
2.655529E1,2.676455E-1,1.183787E-1
2.658861E1,2.911330E-1,1.309087E-1
2.662193E1,3.033667E-1,1.362292E-1
2.665524E1,3.130222E-1,1.416857E-1
2.668856E1,3.175695E-1,1.436321E-1
2.672188E1,3.142904E-1,1.416360E-1
2.675520E1,3.061926E-1,1.361613E-1
2.678852E1,2.922538E-1,1.285328E-1
2.682184E1,2.717688E-1,1.184358E-1
2.685516E1,2.440822E-1,1.057135E-1
2.688848E1,2.078850E-1,9.100257E-2
2.692180E1,1.692110E-1,7.862270E-2
2.695512E1,1.286909E-1,6.856519E-2
2.698844E1,7.556812E-2,5.869718E-2
2.702175E1,2.654186E-2,5.402714E-2
2.705507E1,-2.049916E-2,5.396468E-2
2.708839E1,-7.334248E-2,5.706844E-2
2.712171E1,-1.245675E-1,6.481216E-2
2.715503E1,-1.680384E-1,7.523181E-2
2.718835E1,-2.041551E-1,8.569108E-2
2.722167E1,-2.393527E-1,9.863559E-2
2.725499E1,-2.695796E-1,1.115780E-1
2.728831E1,-2.908006E-1,1.214741E-1
2.732163E1,-3.052629E-1,1.296074E-1
2.735494E1,-3.107615E-1,1.320171E-1
2.738826E1,-3.108567E-1,1.320054E-1
2.742158E1,-3.058785E-1,1.293806E-1
2.745490E1,-2.955511E-1,1.241286E-1
2.748822E1,-2.801644E-1,1.164139E-1
2.752154E1,-2.577760E-1,1.060324E-1
2.755486E1,-2.322909E-1,9.584697E-2
2.758818E1,-2.014739E-1,8.571912E-2
2.762150E1,-1.583829E-1,7.267681E-2
2.765482E1,-1.101668E-1,6.235924E-2
2.768814E1,-6.937546E-2,5.688552E-2
2.772145E1,-2.153960E-2,5.406707E-2
2.775477E1,2.473986E-2,5.428157E-2
2.778809E1,7.428915E-2,5.847578E-2
2.782141E1,1.193278E-1,6.605088E-2
2.785473E1,1.606611E-1,7.589195E-2
2.788805E1,1.950333E-1,8.609123E-2
2.792137E1,2.279650E-1,9.841685E-2
2.795469E1,2.567449E-1,1.106692E-1
2.798801E1,2.768184E-1,1.208655E-1
2.802133E1,2.914409E-1,1.287655E-1
2.805464E1,3.005321E-1,1.335439E-1
2.808796E1,3.049890E-1,1.358987E-1
2.812128E1,2.998874E-1,1.334632E-1
2.815460E1,2.899776E-1,1.282315E-1
2.818792E1,2.745149E-1,1.207364E-1
2.822124E1,2.533983E-1,1.110532E-1
2.825456E1,2.283662E-1,1.008779E-1
2.828788E1,1.941455E-1,8.846919E-2
2.832120E1,1.529815E-1,7.607704E-2
2.835452E1,1.086303E-1,6.615314E-2
2.838784E1,5.976318E-2,5.889178E-2
2.842115E1,1.433748E-2,5.629334E-2
2.845447E1,-3.641245E-2,5.670037E-2
2.848779E1,-9.523913E-2,6.206975E-2
2.852111E1,-1.386883E-1,6.996972E-2
2.855443E1,-1.704246E-1,7.793735E-2
2.858775E1,-2.049152E-1,8.850744E-2
2.862107E1,-2.405087E-1,1.011705E-1
2.865439E1,-2.652535E-1,1.114195E-1
2.868771E1,-2.806171E-1,1.192138E-1
2.872103E1,-2.956754E-1,1.267538E-1
2.875434E1,-3.004969E-1,1.295692E-1
2.878766E1,-3.003222E-1,1.295645E-1
2.882098E1,-2.958514E-1,1.267284E-1
2.885430E1,-2.801244E-1,1.193383E-1
2.888762E1,-2.642284E-1,1.113556E-1
2.892094E1,-2.395071E-1,1.011166E-1
2.895426E1,-2.121431E-1,9.061995E-2
2.898758E1,-1.785160E-1,8.047668E-2
2.902090E1,-1.385742E-1,7.009316E-2
2.905422E1,-9.302590E-2,6.236246E-2
2.908754E1,-4.782055E-2,5.721264E-2
2.912085E1,-9.430329E-3,5.627363E-2
2.915417E1,3.765276E-2,5.714305E-2
2.918749E1,8.211720E-2,6.231496E-2
2.922081E1,1.239421E-1,6.982695E-2
2.925413E1,1.641746E-1,7.976259E-2
2.928745E1,1.974105E-1,9.005458E-2
2.932077E1,2.310261E-1,1.020571E-1
2.935409E1,2.538592E-1,1.123057E-1
2.938741E1,2.751612E-1,1.221493E-1
2.942073E1,2.849970E-1,1.276900E-1
2.945405E1,2.903894E-1,1.301606E-1
2.948736E1,2.904677E-1,1.299942E-1
2.952068E1,2.858746E-1,1.271572E-1
2.955400E1,2.716780E-1,1.199723E-1
2.958732E1,2.555037E-1,1.119348E-1
2.962064E1,2.315880E-1,1.022239E-1
2.965396E1,1.988601E-1,8.990883E-2
2.968728E1,1.663625E-1,7.946052E-2
2.972060E1,1.272230E-1,6.989031E-2
2.975392E1,8.454003E-2,6.221889E-2
2.978724E1,3.876138E-2,5.745135E-2
2.982055E1,-8.159563E-3,5.585016E-2
2.985387E1,-6.319131E-2,5.818512E-2
2.988719E1,-1.053111E-1,6.347736E-2
2.992051E1,-1.458274E-1,7.141328E-2
2.995383E1,-1.849867E-1,8.181397E-2
2.998715E1,-2.168323E-1,9.215051E-2
3.002047E1,-2.433899E-1,1.025576E-1
3.005379E1,-2.671642E-1,1.128016E-1
3.008711E1,-2.839373E-1,1.205452E-1
3.012043E1,-2.942256E-1,1.256362E-1
3.015375E1,-3.059883E-1,1.299156E-1
3.018706E1,-3.036123E-1,1.287896E-1
3.022038E1,-2.937921E-1,1.231960E-1
3.025370E1,-2.780815E-1,1.156814E-1
3.028702E1,-2.550700E-1,1.054485E-1
3.032034E1,-2.279961E-1,9.472161E-2
3.035366E1,-1.994909E-1,8.472610E-2
3.038698E1,-1.640589E-1,7.434838E-2
3.042030E1,-1.257516E-1,6.631452E-2
3.045362E1,-7.510537E-2,5.824630E-2
3.048694E1,-3.244583E-2,5.537896E-2
3.052025E1,1.609756E-2,5.537883E-2
3.055357E1,6.169172E-2,5.786307E-2
3.058689E1,1.099931E-1,6.513462E-2
3.062021E1,1.459033E-1,7.265822E-2
3.065353E1,1.822630E-1,8.240592E-2
3.068685E1,2.170235E-1,9.480638E-2
3.072017E1,2.429893E-1,1.050988E-1
3.075349E1,2.641407E-1,1.149494E-1
3.078681E1,2.800537E-1,1.223872E-1
3.082013E1,2.900837E-1,1.275720E-1
3.085345E1,2.935092E-1,1.297537E-1
3.088676E1,2.908593E-1,1.281474E-1
3.092008E1,2.837531E-1,1.240784E-1
3.095340E1,2.687985E-1,1.162274E-1
3.098672E1,2.477428E-1,1.067328E-1
3.102004E1,2.226133E-1,9.615052E-2
3.105336E1,1.891594E-1,8.435315E-2
3.108668E1,1.541511E-1,7.405995E-2
3.112000E1,1.105121E-1,6.422252E-2
3.115332E1,7.128462E-2,5.905840E-2
3.118664E1,1.764603E-2,5.461205E-2
3.121996E1,-2.998017E-2,5.447766E-2
3.125327E1,-7.665033E-2,5.775881E-2
3.128659E1,-1.233943E-1,6.533385E-2
3.131991E1,-1.613513E-1,7.339585E-2
3.135323E1,-1.974935E-1,8.362068E-2
3.138655E1,-2.273885E-1,9.422350E-2
3.141987E1,-2.528853E-1,1.042809E-1
3.145319E1,-2.720393E-1,1.124736E-1
3.148651E1,-2.855922E-1,1.193547E-1
3.151983E1,-2.928728E-1,1.228352E-1
3.155315E1,-2.935531E-1,1.229318E-1
3.158646E1,-2.883755E-1,1.210234E-1
3.161978E1,-2.775910E-1,1.156411E-1
3.165310E1,-2.604840E-1,1.078028E-1
3.168642E1,-2.373762E-1,9.809071E-2
3.171974E1,-2.093533E-1,8.741377E-2
3.175306E1,-1.739548E-1,7.687662E-2
3.178638E1,-1.360918E-1,6.761704E-2
3.181970E1,-9.286596E-2,6.079223E-2
3.185302E1,-4.957775E-2,5.611302E-2
3.188634E1,-1.930291E-3,5.528950E-2
3.191966E1,4.439583E-2,5.746053E-2
3.195297E1,8.850864E-2,6.296261E-2
3.198629E1,1.312784E-1,7.020580E-2
3.201961E1,1.702238E-1,8.021242E-2
3.205293E1,2.060754E-1,9.232507E-2
3.208625E1,2.372111E-1,1.045758E-1
3.211957E1,2.618310E-1,1.157652E-1
3.215289E1,2.796178E-1,1.229315E-1
3.218621E1,2.931103E-1,1.297044E-1
3.221953E1,3.002609E-1,1.336400E-1
3.225285E1,3.007188E-1,1.337430E-1
3.228616E1,2.954158E-1,1.313880E-1
3.231948E1,2.849289E-1,1.267350E-1
3.235280E1,2.670536E-1,1.175918E-1
3.238612E1,2.440381E-1,1.072195E-1
3.241944E1,2.141101E-1,9.479706E-2
3.245276E1,1.776561E-1,8.220691E-2
3.248608E1,1.398477E-1,7.224403E-2
3.251940E1,9.419333E-2,6.251244E-2
3.255272E1,5.106681E-2,5.742468E-2
3.258604E1,5.339036E-3,5.540069E-2
3.261936E1,-4.127756E-2,5.591973E-2
3.265267E1,-8.642790E-2,6.079030E-2
3.268599E1,-1.296792E-1,6.815119E-2
3.271931E1,-1.681684E-1,7.666442E-2
3.275263E1,-2.031335E-1,8.712726E-2
3.278595E1,-2.333723E-1,9.758909E-2
3.281927E1,-2.570314E-1,1.075107E-1
3.285259E1,-2.742527E-1,1.154328E-1
3.288591E1,-2.845927E-1,1.205389E-1
3.291923E1,-2.898416E-1,1.231140E-1
3.295255E1,-2.892898E-1,1.230714E-1
3.298587E1,-2.793940E-1,1.182477E-1
3.301918E1,-2.639974E-1,1.107224E-1
3.305250E1,-2.458132E-1,1.027017E-1
3.308582E1,-2.213091E-1,9.240402E-2
3.311914E1,-1.960127E-1,8.431119E-2
3.315246E1,-1.601391E-1,7.412011E-2
3.318578E1,-1.194411E-1,6.610657E-2
3.321910E1,-7.673026E-2,5.893324E-2
3.325242E1,-3.264115E-2,5.557513E-2
3.328574E1,1.036579E-2,5.528161E-2
3.331906E1,5.486966E-2,5.764126E-2
3.335237E1,9.613619E-2,6.239169E-2
3.338569E1,1.352522E-1,6.983559E-2
3.341901E1,1.708408E-1,7.967900E-2
3.345233E1,2.031105E-1,8.991674E-2
3.348565E1,2.309088E-1,1.001544E-1
3.351897E1,2.541350E-1,1.097589E-1
3.355229E1,2.700184E-1,1.173470E-1
3.358561E1,2.800752E-1,1.224256E-1
3.361893E1,2.849210E-1,1.247849E-1
3.365225E1,2.846687E-1,1.249165E-1
3.368557E1,2.753604E-1,1.200273E-1
3.371888E1,2.626520E-1,1.145999E-1
3.375220E1,2.413094E-1,1.052221E-1
3.378552E1,2.164395E-1,9.475755E-2
3.381884E1,1.879791E-1,8.472785E-2
3.385216E1,1.527722E-1,7.468379E-2
3.388548E1,1.170418E-1,6.715887E-2
3.391880E1,7.393557E-2,6.009864E-2
3.395212E1,2.594871E-2,5.549853E-2
3.398544E1,-2.491570E-2,5.547437E-2
3.401876E1,-6.900696E-2,5.822924E-2
3.405207E1,-1.105450E-1,6.374265E-2
3.408539E1,-1.436248E-1,7.064370E-2
3.411871E1,-1.768878E-1,7.689287E-2
3.415203E1,-2.136499E-1,8.871244E-2
3.418535E1,-2.448534E-1,1.020131E-1
3.421867E1,-2.629906E-1,1.096386E-1
3.425199E1,-2.749535E-1,1.151284E-1
3.428531E1,-2.850445E-1,1.199259E-1
3.431863E1,-2.861039E-1,1.204121E-1
3.435195E1,-2.816268E-1,1.177499E-1
3.438527E1,-2.715043E-1,1.124824E-1
3.441858E1,-2.538305E-1,1.048411E-1
3.445190E1,-2.338094E-1,9.640233E-2
3.448522E1,-2.164616E-1,9.160441E-2
3.451854E1,-1.844245E-1,8.091496E-2
3.455186E1,-1.461417E-1,7.069488E-2
3.458518E1,-1.055906E-1,6.270011E-2
3.461850E1,-6.319128E-2,5.759542E-2
3.465182E1,-1.985393E-2,5.490802E-2
3.468514E1,2.302557E-2,5.497601E-2
3.471846E1,6.624910E-2,5.892648E-2
3.475177E1,1.087222E-1,6.467514E-2
3.478509E1,1.473255E-1,7.213884E-2
3.481841E1,1.828650E-1,8.166359E-2
3.485173E1,2.120539E-1,9.146493E-2
3.488505E1,2.370433E-1,1.013550E-1
3.491837E1,2.549547E-1,1.091028E-1
3.495169E1,2.652547E-1,1.142885E-1
3.498501E1,2.754004E-1,1.190155E-1
3.501833E1,2.754592E-1,1.192752E-1
3.505165E1,2.698670E-1,1.170624E-1
3.508497E1,2.597717E-1,1.117447E-1
3.511828E1,2.441214E-1,1.045277E-1
3.515160E1,2.242035E-1,9.619239E-2
3.518492E1,1.964320E-1,8.632958E-2
3.521824E1,1.630413E-1,7.670431E-2
3.525156E1,1.265080E-1,6.707416E-2
3.528488E1,8.522151E-2,5.970502E-2
3.531820E1,4.266987E-2,5.477101E-2
3.535152E1,-2.015115E-3,5.277267E-2
3.538484E1,-4.958700E-2,5.490749E-2
3.541816E1,-9.316013E-2,5.999179E-2
3.545148E1,-1.303395E-1,6.591080E-2
3.548479E1,-1.642117E-1,7.355326E-2
3.551811E1,-1.970915E-1,8.357907E-2
3.555143E1,-2.250147E-1,9.389377E-2
3.558475E1,-2.451130E-1,1.018956E-1
3.561807E1,-2.622737E-1,1.096169E-1
3.565139E1,-2.729923E-1,1.146093E-1
3.568471E1,-2.779927E-1,1.170140E-1
3.571803E1,-2.779504E-1,1.171035E-1
3.575135E1,-2.721526E-1,1.147838E-1
3.578467E1,-2.555709E-1,1.068637E-1
3.581798E1,-2.372616E-1,9.931030E-2
3.585130E1,-2.108256E-1,8.947593E-2
3.588462E1,-1.832904E-1,8.079906E-2
3.591794E1,-1.551188E-1,7.311234E-2
3.595126E1,-1.170259E-1,6.531564E-2
3.598458E1,-8.317765E-2,6.021061E-2
3.601790E1,-4.324080E-2,5.713352E-2
3.605122E1,-1.955931E-3,5.683376E-2
3.608454E1,4.190728E-2,5.745695E-2
3.611786E1,8.456413E-2,6.192330E-2
3.615118E1,1.230630E-1,6.893504E-2
3.618449E1,1.590118E-1,7.689347E-2
3.621781E1,1.921778E-1,8.646777E-2
3.625113E1,2.199422E-1,9.645922E-2
3.628445E1,2.401726E-1,1.045841E-1
3.631777E1,2.564019E-1,1.113779E-1
3.635109E1,2.665320E-1,1.164162E-1
3.638441E1,2.713574E-1,1.189934E-1
3.641773E1,2.712767E-1,1.189218E-1
3.645105E1,2.615681E-1,1.141839E-1
3.648437E1,2.505868E-1,1.090269E-1
3.651768E1,2.283190E-1,9.924334E-2
3.655100E1,2.026998E-1,8.946921E-2
3.658432E1,1.775274E-1,8.121765E-2
3.661764E1,1.413693E-1,7.161620E-2
3.665096E1,1.029005E-1,6.411008E-2
3.668428E1,6.075829E-2,5.810337E-2
3.671760E1,2.031140E-2,5.549393E-2
3.675092E1,-2.151166E-2,5.573026E-2
3.678424E1,-6.511700E-2,5.860195E-2
3.681756E1,-1.056179E-1,6.396479E-2
3.685088E1,-1.449649E-1,7.178224E-2
3.688419E1,-1.771597E-1,7.997765E-2
3.691751E1,-2.102714E-1,9.018377E-2
3.695083E1,-2.370639E-1,1.005224E-1
3.698415E1,-2.571588E-1,1.084319E-1
3.701747E1,-2.700521E-1,1.135999E-1
3.705079E1,-2.754914E-1,1.162413E-1
3.708411E1,-2.756670E-1,1.161388E-1
3.711743E1,-2.702298E-1,1.136442E-1
3.715075E1,-2.597512E-1,1.087016E-1
3.718407E1,-2.425277E-1,1.010213E-1
3.721739E1,-2.220166E-1,9.289133E-2
3.725070E1,-1.971684E-1,8.476554E-2
3.728402E1,-1.712373E-1,7.733120E-2
3.731734E1,-1.371236E-1,6.931352E-2
3.735066E1,-9.663484E-2,6.167032E-2
3.738398E1,-5.798952E-2,5.680527E-2
3.741730E1,-1.697921E-2,5.426619E-2
3.745062E1,2.577669E-2,5.398119E-2
3.748394E1,6.626515E-2,5.781845E-2
3.751726E1,1.069005E-1,6.343478E-2
3.755058E1,1.428519E-1,7.086085E-2
3.758389E1,1.795213E-1,8.047545E-2
3.761721E1,2.094337E-1,9.023846E-2
3.765053E1,2.293672E-1,9.831416E-2
3.768385E1,2.469657E-1,1.056590E-1
3.771717E1,2.591718E-1,1.108826E-1
3.775049E1,2.645602E-1,1.134451E-1
3.778381E1,2.648279E-1,1.134590E-1
3.781713E1,2.597631E-1,1.110109E-1
3.785045E1,2.490538E-1,1.060141E-1
3.788377E1,2.317530E-1,9.844805E-2
3.791709E1,2.112648E-1,9.053623E-2
3.795040E1,1.858038E-1,8.195606E-2
3.798372E1,1.536901E-1,7.296387E-2
3.801704E1,1.165685E-1,6.519390E-2
3.805036E1,7.752094E-2,5.865061E-2
3.808368E1,3.204822E-2,5.568116E-2
3.811700E1,-8.649659E-3,5.388305E-2
3.815032E1,-5.366847E-2,5.612577E-2
3.818364E1,-9.611819E-2,6.164727E-2
3.821696E1,-1.368117E-1,6.942306E-2
3.825028E1,-1.706183E-1,7.703656E-2
3.828359E1,-2.031104E-1,8.751379E-2
3.831691E1,-2.283653E-1,9.556080E-2
3.835023E1,-2.486846E-1,1.034466E-1
3.838355E1,-2.618267E-1,1.084217E-1
3.841687E1,-2.718402E-1,1.131226E-1
3.845019E1,-2.764615E-1,1.158766E-1
3.848351E1,-2.761297E-1,1.160491E-1
3.851683E1,-2.703855E-1,1.132510E-1
3.855015E1,-2.572731E-1,1.083814E-1
3.858347E1,-2.396196E-1,1.006928E-1
3.861679E1,-2.173640E-1,9.254029E-2
3.865010E1,-1.868608E-1,8.233114E-2
3.868342E1,-1.486836E-1,7.197789E-2
3.871674E1,-1.131280E-1,6.428878E-2
3.875006E1,-7.706160E-2,5.897410E-2
3.878338E1,-3.682968E-2,5.597639E-2
3.881670E1,3.670277E-3,5.563557E-2
3.885002E1,4.467488E-2,5.797236E-2
3.888334E1,8.805520E-2,6.277852E-2
3.891666E1,1.294486E-1,7.046551E-2
3.894998E1,1.605725E-1,7.804792E-2
3.898330E1,1.931040E-1,8.767064E-2
3.901661E1,2.160429E-1,9.553431E-2
3.904993E1,2.353306E-1,1.030298E-1
3.908325E1,2.524861E-1,1.101369E-1
3.911657E1,2.627889E-1,1.152374E-1
3.914989E1,2.630137E-1,1.154021E-1
3.918321E1,2.619435E-1,1.154061E-1
3.921653E1,2.526129E-1,1.104960E-1
3.924985E1,2.400639E-1,1.051165E-1
3.928317E1,2.214304E-1,9.781611E-2
3.931649E1,1.957911E-1,8.828322E-2
3.934980E1,1.701907E-1,8.029813E-2
3.938312E1,1.346774E-1,7.071434E-2
3.941644E1,9.684311E-2,6.318020E-2
3.944976E1,5.844746E-2,5.809806E-2
3.948308E1,1.529494E-2,5.559574E-2
3.951640E1,-2.501442E-2,5.583313E-2
3.954972E1,-6.600781E-2,5.867866E-2
3.958304E1,-1.080020E-1,6.413562E-2
3.961636E1,-1.463213E-1,7.187766E-2
3.964968E1,-1.783492E-1,8.007981E-2
3.968300E1,-2.032407E-1,8.779220E-2
3.971631E1,-2.261711E-1,9.544502E-2
3.974963E1,-2.443254E-1,1.030292E-1
3.978295E1,-2.570923E-1,1.084447E-1
3.981627E1,-2.631584E-1,1.107305E-1
3.984959E1,-2.630490E-1,1.107803E-1
3.988291E1,-2.573909E-1,1.086209E-1
3.991623E1,-2.471178E-1,1.035599E-1
3.994955E1,-2.341589E-1,9.816359E-2
3.998287E1,-2.141343E-1,9.042668E-2
4.001619E1,-1.894363E-1,8.225134E-2
4.004950E1,-1.612801E-1,7.457065E-2
4.008282E1,-1.277463E-1,6.730480E-2
4.011614E1,-8.695248E-2,5.956789E-2
4.014946E1,-5.145054E-2,5.647036E-2
4.018278E1,-8.711884E-3,5.408146E-2
4.021610E1,2.993769E-2,5.506129E-2
4.024942E1,7.203303E-2,5.844268E-2
4.028274E1,1.106680E-1,6.416238E-2
4.031606E1,1.450842E-1,7.178233E-2
4.034938E1,1.750050E-1,7.933954E-2
4.038270E1,2.002531E-1,8.713409E-2
4.041601E1,2.213512E-1,9.455882E-2
4.044933E1,2.384078E-1,1.015373E-1
4.048265E1,2.502320E-1,1.067616E-1
4.051597E1,2.550351E-1,1.092822E-1
4.054929E1,2.547318E-1,1.093843E-1
4.058261E1,2.492499E-1,1.070183E-1
4.061593E1,2.387095E-1,1.019563E-1
4.064925E1,2.230141E-1,9.612507E-2
4.068257E1,2.022334E-1,8.871501E-2
4.071589E1,1.764871E-1,7.980848E-2
4.074920E1,1.461591E-1,7.162225E-2
4.078252E1,1.137420E-1,6.422473E-2
4.081584E1,7.768746E-2,5.899957E-2
4.084916E1,3.433729E-2,5.482529E-2
4.088248E1,-9.678904E-3,5.413125E-2
4.091580E1,-4.940059E-2,5.534875E-2
4.094912E1,-8.976356E-2,5.966828E-2
4.098244E1,-1.236300E-1,6.470261E-2
4.101576E1,-1.586692E-1,7.255581E-2
4.104908E1,-1.876850E-1,8.029973E-2
4.108240E1,-2.114899E-1,8.823836E-2
4.111571E1,-2.323004E-1,9.590271E-2
4.114903E1,-2.455407E-1,1.011837E-1
4.118235E1,-2.586098E-1,1.059909E-1
4.121567E1,-2.639618E-1,1.085311E-1
4.124899E1,-2.585162E-1,1.063726E-1
4.128231E1,-2.520845E-1,1.035985E-1
4.131563E1,-2.393717E-1,9.834730E-2
4.134895E1,-2.195340E-1,9.067910E-2
4.138227E1,-1.962082E-1,8.313441E-2
4.141559E1,-1.688117E-1,7.486703E-2
4.144891E1,-1.377016E-1,6.738680E-2
4.148222E1,-1.073983E-1,6.208165E-2
4.151554E1,-6.952189E-2,5.673877E-2
4.154886E1,-2.926096E-2,5.402538E-2
4.158218E1,9.568843E-3,5.383059E-2
4.161550E1,4.941395E-2,5.608017E-2
4.164882E1,8.869420E-2,6.079230E-2
4.168214E1,1.248899E-1,6.761502E-2
4.171546E1,1.558106E-1,7.549731E-2
4.174878E1,1.836233E-1,8.314673E-2
4.178210E1,2.067758E-1,9.073980E-2
4.181541E1,2.260988E-1,9.809674E-2
4.184873E1,2.395625E-1,1.031885E-1
4.188205E1,2.469586E-1,1.060711E-1
4.191537E1,2.494763E-1,1.072394E-1
4.194869E1,2.464188E-1,1.058915E-1
4.198201E1,2.390516E-1,1.025213E-1
4.201533E1,2.236327E-1,9.708465E-2
4.204865E1,2.047706E-1,8.946602E-2
4.208197E1,1.808545E-1,8.161177E-2
4.211529E1,1.539750E-1,7.386983E-2
4.214861E1,1.209107E-1,6.643412E-2
4.218192E1,8.342719E-2,5.997639E-2
4.221524E1,4.447158E-2,5.510522E-2
4.224856E1,6.853513E-3,5.266498E-2
4.228188E1,-3.360275E-2,5.285523E-2
4.231520E1,-7.214350E-2,5.557127E-2
4.234852E1,-1.101174E-1,6.079484E-2
4.238184E1,-1.480047E-1,6.855457E-2
4.241516E1,-1.786615E-1,7.639508E-2
4.244848E1,-2.044913E-1,8.405909E-2
4.248180E1,-2.261153E-1,9.178279E-2
4.251511E1,-2.387293E-1,9.722971E-2
4.254843E1,-2.518445E-1,1.020581E-1
4.258175E1,-2.575007E-1,1.047779E-1
4.261507E1,-2.572346E-1,1.048831E-1
4.264839E1,-2.509805E-1,1.023505E-1
4.268171E1,-2.385667E-1,9.712733E-2
4.271503E1,-2.253820E-1,9.183048E-2
4.274835E1,-2.040180E-1,8.427153E-2
4.278167E1,-1.783773E-1,7.644145E-2
4.281499E1,-1.484687E-1,6.844770E-2
4.284831E1,-1.198339E-1,6.321181E-2
4.288162E1,-8.370062E-2,5.799892E-2
4.291494E1,-4.574549E-2,5.478918E-2
4.294826E1,-6.896556E-3,5.419541E-2
4.298158E1,3.035641E-2,5.547972E-2
4.301490E1,7.114093E-2,5.867787E-2
4.304822E1,1.063439E-1,6.363683E-2
4.308154E1,1.369408E-1,7.057656E-2
4.311486E1,1.686556E-1,7.824099E-2
4.314818E1,1.934107E-1,8.588643E-2
4.318150E1,2.142364E-1,9.321719E-2
4.321482E1,2.293774E-1,9.848838E-2
4.324813E1,2.394086E-1,1.024581E-1
4.328145E1,2.442824E-1,1.052119E-1
4.331477E1,2.443256E-1,1.054048E-1
4.334809E1,2.378820E-1,1.029927E-1
4.338141E1,2.258386E-1,9.783419E-2
4.341473E1,2.080979E-1,9.081329E-2
4.344805E1,1.857504E-1,8.322684E-2
4.348137E1,1.582996E-1,7.576019E-2
4.351469E1,1.268821E-1,6.821049E-2
4.354801E1,9.211705E-2,6.187330E-2
4.358132E1,5.434436E-2,5.693772E-2
4.361464E1,1.468521E-2,5.477882E-2
4.364796E1,-2.636630E-2,5.486024E-2
4.368128E1,-6.613839E-2,5.758559E-2
4.371460E1,-1.041279E-1,6.295073E-2
4.374792E1,-1.372934E-1,6.821085E-2
4.378124E1,-1.680667E-1,7.574205E-2
4.381456E1,-1.951934E-1,8.387450E-2
4.384788E1,-2.162926E-1,9.126134E-2
4.388120E1,-2.331033E-1,9.708714E-2
4.391452E1,-2.457449E-1,1.020989E-1
4.394783E1,-2.515595E-1,1.042587E-1
4.398115E1,-2.515750E-1,1.045361E-1
4.401447E1,-2.507099E-1,1.044222E-1
4.404779E1,-2.436036E-1,1.016194E-1
4.408111E1,-2.309924E-1,9.651818E-2
4.411443E1,-2.152640E-1,9.154818E-2
4.414775E1,-1.925300E-1,8.382202E-2
4.418107E1,-1.649412E-1,7.592690E-2
4.421439E1,-1.322674E-1,6.808552E-2
4.424771E1,-8.897320E-2,6.017484E-2
4.428102E1,-5.797038E-2,5.744016E-2
4.431434E1,-2.017991E-2,5.507543E-2
4.434766E1,1.857642E-2,5.502529E-2
4.438098E1,5.564716E-2,5.708866E-2
4.441430E1,9.312894E-2,6.183900E-2
4.444762E1,1.307391E-1,6.881000E-2
4.448094E1,1.612094E-1,7.652374E-2
4.451426E1,1.870865E-1,8.402723E-2
4.454758E1,2.082088E-1,9.136244E-2
4.458090E1,2.229983E-1,9.671898E-2
4.461422E1,2.353999E-1,1.014871E-1
4.464753E1,2.412316E-1,1.039325E-1
4.468085E1,2.410885E-1,1.041965E-1
4.471417E1,2.361774E-1,1.019789E-1
4.474749E1,2.279711E-1,9.866568E-2
4.478081E1,2.130248E-1,9.266785E-2
4.481413E1,1.925868E-1,8.586841E-2
4.484745E1,1.686680E-1,7.810962E-2
4.488077E1,1.380270E-1,7.058650E-2
4.491409E1,1.045445E-1,6.357256E-2
4.494741E1,6.808767E-2,5.826630E-2
4.498073E1,3.013509E-2,5.476024E-2
4.501404E1,-7.767575E-3,5.351341E-2
4.504736E1,-4.243081E-2,5.419969E-2
4.508068E1,-7.815378E-2,5.698300E-2
4.511400E1,-1.126592E-1,6.204809E-2
4.514732E1,-1.501949E-1,6.975023E-2
4.518064E1,-1.795350E-1,7.777150E-2
4.521396E1,-2.053032E-1,8.536519E-2
4.524728E1,-2.259508E-1,9.295789E-2
4.528060E1,-2.394370E-1,9.836781E-2
4.531392E1,-2.470479E-1,1.012160E-1
4.534723E1,-2.525918E-1,1.034614E-1
4.538055E1,-2.520990E-1,1.036114E-1
4.541387E1,-2.457461E-1,1.010093E-1
4.544719E1,-2.334178E-1,9.592026E-2
4.548051E1,-2.181532E-1,9.059429E-2
4.551383E1,-1.956246E-1,8.287128E-2
4.554715E1,-1.678174E-1,7.500561E-2
4.558047E1,-1.357372E-1,6.728415E-2
4.561379E1,-1.045778E-1,6.179533E-2
4.564711E1,-6.608545E-2,5.679627E-2
4.568043E1,-2.980498E-2,5.422263E-2
4.571374E1,7.770686E-3,5.367266E-2
4.574706E1,5.093475E-2,5.599323E-2
4.578038E1,8.915944E-2,6.054754E-2
4.581370E1,1.200444E-1,6.581754E-2
4.584702E1,1.524013E-1,7.322530E-2
4.588034E1,1.789629E-1,8.056376E-2
4.591366E1,2.018626E-1,8.797520E-2
4.594698E1,2.211971E-1,9.516206E-2
4.598030E1,2.342602E-1,1.005554E-1
4.601362E1,2.414044E-1,1.034785E-1
4.604693E1,2.449882E-1,1.049793E-1
4.608025E1,2.414313E-1,1.035602E-1
4.611357E1,2.343985E-1,1.005607E-1
4.614689E1,2.215919E-1,9.547452E-2
4.618021E1,2.018465E-1,8.810830E-2
4.621353E1,1.783337E-1,8.068814E-2
4.624685E1,1.508968E-1,7.306294E-2
4.628017E1,1.196501E-1,6.576966E-2
4.631349E1,8.874871E-2,6.054933E-2
4.634681E1,5.116294E-2,5.588898E-2
4.638013E1,1.321055E-2,5.383706E-2
4.641344E1,-2.503518E-2,5.389709E-2
4.644676E1,-6.145261E-2,5.655767E-2
4.648008E1,-1.014092E-1,6.150728E-2
4.651340E1,-1.342061E-1,6.742520E-2
4.654672E1,-1.652630E-1,7.455346E-2
4.658004E1,-1.918328E-1,8.246058E-2
4.661336E1,-2.134180E-1,9.020156E-2
4.664668E1,-2.285371E-1,9.541276E-2
4.668000E1,-2.413347E-1,1.003715E-1
4.671332E1,-2.464408E-1,1.029344E-1
4.674663E1,-2.460420E-1,1.031613E-1
4.677995E1,-2.407220E-1,1.008884E-1
4.681327E1,-2.334382E-1,9.799323E-2
4.684659E1,-2.201514E-1,9.311519E-2
4.687991E1,-2.031187E-1,8.744641E-2
4.691323E1,-1.781649E-1,7.968552E-2
4.694655E1,-1.476848E-1,7.187626E-2
4.697987E1,-1.137179E-1,6.474860E-2
4.701319E1,-7.921262E-2,5.903348E-2
4.704651E1,-4.125851E-2,5.612009E-2
4.707983E1,-5.694345E-3,5.563616E-2
4.711314E1,3.388252E-2,5.628940E-2
4.714646E1,6.959593E-2,5.878732E-2
4.717978E1,1.047076E-1,6.357784E-2
4.721310E1,1.397859E-1,7.043377E-2
4.724642E1,1.684692E-1,7.795882E-2
4.727974E1,1.931088E-1,8.568978E-2
4.731306E1,2.096290E-1,9.083503E-2
4.734638E1,2.231201E-1,9.563769E-2
4.737970E1,2.336054E-1,1.001542E-1
4.741302E1,2.395854E-1,1.027851E-1
4.744634E1,2.390770E-1,1.029185E-1
4.747965E1,2.337387E-1,1.007707E-1
4.751297E1,2.213199E-1,9.572555E-2
4.754629E1,2.068121E-1,9.007248E-2
4.757961E1,1.856118E-1,8.330429E-2
4.761293E1,1.605030E-1,7.578833E-2
4.764625E1,1.369555E-1,7.090526E-2
4.767957E1,1.014731E-1,6.338556E-2
4.771289E1,6.634640E-2,5.817941E-2
4.774621E1,3.067645E-2,5.569385E-2
4.777953E1,-1.253979E-2,5.397481E-2
4.781284E1,-4.715474E-2,5.611541E-2
4.784616E1,-8.586893E-2,5.950673E-2
4.787948E1,-1.166931E-1,6.442260E-2
4.791280E1,-1.537160E-1,7.175684E-2
4.794612E1,-1.821410E-1,8.002054E-2
4.797944E1,-2.060462E-1,8.747188E-2
4.801276E1,-2.211337E-1,9.295152E-2
4.804608E1,-2.339876E-1,9.772364E-2
4.807940E1,-2.404613E-1,1.009723E-1
4.811272E1,-2.406573E-1,1.008722E-1
4.814604E1,-2.405301E-1,1.007632E-1
4.817935E1,-2.286592E-1,9.546330E-2
4.821267E1,-2.151076E-1,9.069100E-2
4.824599E1,-1.984233E-1,8.488063E-2
4.827931E1,-1.720791E-1,7.772758E-2
4.831263E1,-1.519897E-1,7.227349E-2
4.834595E1,-1.164731E-1,6.451701E-2
4.837927E1,-8.577704E-2,5.930938E-2
4.841259E1,-5.270325E-2,5.643660E-2
4.844591E1,-1.419375E-2,5.416396E-2
4.847923E1,3.460096E-2,5.577398E-2
4.851254E1,6.770332E-2,5.835925E-2
4.854586E1,1.022811E-1,6.299249E-2
4.857918E1,1.301632E-1,6.839783E-2
4.861250E1,1.583723E-1,7.523036E-2
4.864582E1,1.838180E-1,8.265999E-2
4.867914E1,2.011739E-1,8.829840E-2
4.871246E1,2.159960E-1,9.339544E-2
4.874578E1,2.270141E-1,9.781312E-2
4.877910E1,2.323315E-1,1.002724E-1
4.881242E1,2.323193E-1,1.004630E-1
4.884574E1,2.269402E-1,9.830203E-2
4.887905E1,2.189252E-1,9.527918E-2
4.891237E1,2.058769E-1,9.043531E-2
4.894569E1,1.849057E-1,8.295561E-2
4.897901E1,1.619694E-1,7.584615E-2
4.901233E1,1.322407E-1,6.831719E-2
4.904565E1,1.017730E-1,6.282964E-2
4.907897E1,6.880987E-2,5.826258E-2
4.911229E1,3.002322E-2,5.426102E-2
4.914561E1,-9.182460E-3,5.396868E-2
4.917893E1,-4.281623E-2,5.476925E-2
4.921225E1,-7.662932E-2,5.764284E-2
4.924556E1,-1.117140E-1,6.298080E-2
4.927888E1,-1.397244E-1,6.833370E-2
4.931220E1,-1.700377E-1,7.584319E-2
4.934552E1,-1.937546E-1,8.355330E-2
4.937884E1,-2.115561E-1,8.904217E-2
4.941216E1,-2.251383E-1,9.389477E-2
4.944548E1,-2.320332E-1,9.680299E-2
4.947880E1,-2.345097E-1,9.727235E-2
4.951212E1,-2.326854E-1,9.655237E-2
4.954544E1,-2.252313E-1,9.399068E-2
4.957875E1,-2.129292E-1,8.922834E-2
4.961207E1,-1.969746E-1,8.368174E-2
4.964539E1,-1.767373E-1,7.816078E-2
4.967871E1,-1.489433E-1,7.091240E-2
4.971203E1,-1.185452E-1,6.516197E-2
4.974535E1,-8.378514E-2,6.018293E-2
4.977867E1,-6.284064E-2,5.759235E-2
4.981199E1,-2.460329E-2,5.497729E-2
4.984531E1,1.076103E-2,5.482517E-2
4.987863E1,4.636284E-2,5.665333E-2
4.991195E1,8.163260E-2,5.985630E-2
4.994526E1,1.133160E-1,6.475499E-2
4.997858E1,1.445579E-1,7.129461E-2
5.001190E1,1.715587E-1,7.891956E-2
5.004522E1,1.946084E-1,8.628704E-2
5.007854E1,2.097166E-1,9.162328E-2
5.011186E1,2.101911E-1,9.147586E-2
5.014518E1,2.304832E-1,9.886535E-2
5.017850E1,2.309325E-1,9.902364E-2
5.021182E1,2.298824E-1,9.894741E-2
5.024514E1,2.217121E-1,9.633845E-2
5.027845E1,2.090805E-1,9.130489E-2
5.031177E1,1.886872E-1,8.436747E-2
5.034509E1,1.652127E-1,7.702357E-2
5.037841E1,1.379110E-1,6.964133E-2
5.041173E1,1.095717E-1,6.389224E-2
5.044505E1,7.865000E-2,5.934968E-2
5.047837E1,4.904558E-2,5.672129E-2
5.051169E1,1.260374E-2,5.492115E-2
5.054501E1,-3.491520E-2,5.468818E-2
5.057833E1,-7.283863E-2,5.748047E-2
5.061165E1,-1.060001E-1,6.279814E-2
5.064496E1,-1.360792E-1,6.808559E-2
5.067828E1,-1.592887E-1,7.345233E-2
5.071160E1,-1.867445E-1,8.108994E-2
5.074492E1,-2.038256E-1,8.662094E-2
5.077824E1,-2.192597E-1,9.156398E-2
5.081156E1,-2.286162E-1,9.425636E-2
5.084488E1,-2.341238E-1,9.677752E-2
5.087820E1,-2.343694E-1,9.686510E-2
5.091152E1,-2.275842E-1,9.408854E-2
5.094484E1,-2.192136E-1,9.150259E-2
5.097816E1,-2.042383E-1,8.636997E-2
5.101147E1,-1.866517E-1,8.103293E-2
5.104479E1,-1.659355E-1,7.596593E-2
5.107811E1,-1.258705E-1,6.558281E-2
5.111143E1,-1.030390E-1,6.264676E-2
5.114475E1,-6.840398E-2,5.781925E-2
5.117807E1,-3.366266E-2,5.504591E-2
5.121139E1,1.375268E-3,5.434034E-2
5.124471E1,3.809343E-2,5.659970E-2
5.127803E1,7.039414E-2,5.944185E-2
5.131135E1,1.036069E-1,6.416705E-2
5.134466E1,1.316395E-1,6.940928E-2
5.137798E1,1.587887E-1,7.621020E-2
5.141130E1,1.815033E-1,8.211400E-2
5.144462E1,1.979925E-1,8.725567E-2
5.147794E1,2.101839E-1,9.157434E-2
5.151126E1,2.183402E-1,9.426196E-2
5.154458E1,2.224104E-1,9.616987E-2
5.157790E1,2.212477E-1,9.625669E-2
5.161122E1,2.142191E-1,9.387849E-2
5.164454E1,2.013695E-1,8.927623E-2
5.167786E1,1.858937E-1,8.384900E-2
5.171117E1,1.640690E-1,7.712053E-2
5.174449E1,1.380388E-1,6.976182E-2
5.177781E1,1.090048E-1,6.389947E-2
5.181113E1,7.727833E-2,5.917766E-2
5.184445E1,4.015677E-2,5.657879E-2
5.187777E1,5.030768E-3,5.477446E-2
5.191109E1,-2.985023E-2,5.494156E-2
5.194441E1,-6.496491E-2,5.749750E-2
5.197773E1,-9.739989E-2,6.066420E-2
5.201105E1,-1.276597E-1,6.583192E-2
5.204436E1,-1.515125E-1,7.091248E-2
5.207768E1,-1.785137E-1,7.848925E-2
5.211100E1,-1.974927E-1,8.394428E-2
5.214432E1,-2.121211E-1,8.887296E-2
5.217764E1,-2.246437E-1,9.392688E-2
5.221096E1,-2.318005E-1,9.663926E-2
5.224428E1,-2.322600E-1,9.668421E-2
5.227760E1,-2.269217E-1,9.443779E-2
5.231092E1,-2.192204E-1,9.158151E-2
5.234424E1,-2.062255E-1,8.674855E-2
5.237756E1,-1.889669E-1,8.116558E-2
5.241087E1,-1.634471E-1,7.379125E-2
5.244419E1,-1.398171E-1,6.830478E-2
5.247751E1,-1.093088E-1,6.283671E-2
5.251083E1,-7.574471E-2,5.794448E-2
5.254415E1,-4.103870E-2,5.477556E-2
5.257747E1,-5.486886E-3,5.434349E-2
5.261079E1,2.815834E-2,5.501051E-2
5.264411E1,6.146528E-2,5.736424E-2
5.267743E1,9.449580E-2,6.155043E-2
5.271075E1,1.244389E-1,6.679521E-2
5.274406E1,1.553482E-1,7.387298E-2
5.277738E1,1.753802E-1,7.945339E-2
5.281070E1,1.966188E-1,8.619137E-2
5.284402E1,2.109334E-1,9.163106E-2
5.287734E1,2.188866E-1,9.436352E-2
5.291066E1,2.243221E-1,9.637572E-2
5.294398E1,2.239202E-1,9.656428E-2
5.297730E1,2.169357E-1,9.399867E-2
5.301062E1,2.087211E-1,9.137005E-2
5.304394E1,1.941361E-1,8.638501E-2
5.307726E1,1.763930E-1,8.130738E-2
5.311057E1,1.503474E-1,7.411578E-2
5.314389E1,1.193545E-1,6.687606E-2
5.317721E1,9.146568E-2,6.179023E-2
5.321053E1,5.834390E-2,5.715697E-2
5.324385E1,2.523490E-2,5.467153E-2
5.327717E1,-1.385597E-2,5.451305E-2
5.331049E1,-4.723857E-2,5.522458E-2
5.334381E1,-7.985900E-2,5.827831E-2
5.337713E1,-1.157607E-1,6.320491E-2
5.341045E1,-1.425779E-1,6.841711E-2
5.344377E1,-1.737963E-1,7.631424E-2
5.347708E1,-1.917114E-1,8.141625E-2
5.351040E1,-2.070330E-1,8.648151E-2
5.354372E1,-2.195765E-1,9.136084E-2
5.357704E1,-2.268428E-1,9.405978E-2
5.361036E1,-2.273097E-1,9.416481E-2
5.364368E1,-2.220971E-1,9.193000E-2
5.367700E1,-2.140524E-1,8.910895E-2
5.371032E1,-2.011256E-1,8.437423E-2
5.374364E1,-1.844986E-1,7.871324E-2
5.377696E1,-1.634084E-1,7.327372E-2
5.381027E1,-1.407565E-1,6.804352E-2
5.384359E1,-1.126097E-1,6.303176E-2
5.387691E1,-8.041067E-2,5.788050E-2
5.391023E1,-4.733981E-2,5.487121E-2
5.394355E1,-1.507321E-2,5.435890E-2
5.397687E1,1.843474E-2,5.475344E-2
5.401019E1,5.123500E-2,5.689460E-2
5.404351E1,8.568496E-2,5.996020E-2
5.407683E1,1.155659E-1,6.465086E-2
5.411015E1,1.444243E-1,7.079606E-2
5.414347E1,1.666993E-1,7.661775E-2
5.417678E1,1.846842E-1,8.203563E-2
5.421010E1,2.000846E-1,8.664048E-2
5.424342E1,2.122746E-1,9.144821E-2
5.427674E1,2.179253E-1,9.375587E-2
5.431006E1,2.181924E-1,9.395883E-2
5.434338E1,2.125963E-1,9.190364E-2
5.437670E1,2.044275E-1,8.911829E-2
5.441002E1,1.899143E-1,8.392191E-2
5.444334E1,1.739408E-1,7.894260E-2
5.447666E1,1.561618E-1,7.416756E-2
5.450997E1,1.317614E-1,6.885410E-2
5.454329E1,9.353279E-2,6.148513E-2
5.457661E1,6.000631E-2,5.711102E-2
5.460993E1,2.785467E-2,5.436541E-2
5.464325E1,3.043343E-4,5.441964E-2
5.467657E1,-3.887043E-2,5.485057E-2
5.470989E1,-7.265349E-2,5.752260E-2
5.474321E1,-1.052989E-1,6.252100E-2
5.477653E1,-1.330415E-1,6.796509E-2
5.480985E1,-1.564914E-1,7.338784E-2
5.484317E1,-1.764133E-1,7.854069E-2
5.487648E1,-1.935947E-1,8.383820E-2
5.490980E1,-2.093313E-1,8.869171E-2
5.494312E1,-2.171265E-1,9.132920E-2
5.497644E1,-2.167284E-1,9.178588E-2
5.500976E1,-2.165238E-1,9.141649E-2
5.504308E1,-2.096659E-1,8.877161E-2
5.507640E1,-1.962908E-1,8.412334E-2
5.510972E1,-1.789609E-1,7.866616E-2
5.514304E1,-1.585528E-1,7.322283E-2
5.517636E1,-1.354081E-1,6.794906E-2
5.520968E1,-1.105092E-1,6.293303E-2
5.524299E1,-7.954908E-2,5.819587E-2
5.527631E1,-4.985459E-2,5.522831E-2
5.530963E1,-7.464504E-3,5.461104E-2
5.534295E1,2.282583E-2,5.451075E-2
5.537627E1,5.555940E-2,5.697601E-2
5.540959E1,8.366310E-2,5.952610E-2
5.544291E1,1.124217E-1,6.424378E-2
5.547623E1,1.424516E-1,7.148862E-2
5.550955E1,1.634006E-1,7.652075E-2
5.554287E1,1.813891E-1,8.157653E-2
5.557618E1,1.965340E-1,8.648260E-2
5.560950E1,2.093505E-1,9.125072E-2
5.564282E1,2.145746E-1,9.371399E-2
5.567614E1,2.149323E-1,9.414761E-2
5.570946E1,2.142984E-1,9.374607E-2
5.574278E1,2.065565E-1,9.138895E-2
5.577610E1,1.932641E-1,8.673912E-2
5.580942E1,1.761719E-1,8.143007E-2
5.584274E1,1.505017E-1,7.412502E-2
5.587606E1,1.297606E-1,6.908463E-2
5.590938E1,1.038890E-1,6.426061E-2
5.594269E1,7.127728E-2,5.926500E-2
5.597601E1,3.877891E-2,5.668112E-2
5.600933E1,-4.446214E-4,5.478880E-2
5.604265E1,-3.396256E-2,5.495794E-2
5.607597E1,-6.661695E-2,5.753614E-2
5.610929E1,-1.046307E-1,6.286670E-2
5.614261E1,-1.332235E-1,6.804196E-2
5.617593E1,-1.565957E-1,7.321724E-2
5.620925E1,-1.763406E-1,7.845036E-2
5.624257E1,-1.937283E-1,8.382496E-2
5.627588E1,-2.038956E-1,8.665010E-2
5.630920E1,-2.115171E-1,8.917698E-2
5.634252E1,-2.171132E-1,9.124327E-2
5.637584E1,-2.166034E-1,9.141614E-2
5.640916E1,-2.099095E-1,8.877354E-2
5.644248E1,-2.017148E-1,8.621822E-2
5.647580E1,-1.861088E-1,8.131698E-2
5.650912E1,-1.683701E-1,7.612386E-2
5.654244E1,-1.479242E-1,7.093376E-2
5.657576E1,-1.221258E-1,6.547007E-2
5.660908E1,-9.097692E-2,6.040537E-2
5.664239E1,-6.223375E-2,5.735350E-2
5.667571E1,-2.393989E-2,5.474621E-2
5.670903E1,5.632122E-3,5.461527E-2
5.674235E1,3.801504E-2,5.668052E-2
5.677567E1,6.956106E-2,5.940676E-2
5.680899E1,1.010682E-1,6.396436E-2
5.684231E1,1.289107E-1,6.893897E-2
5.687563E1,1.513922E-1,7.429441E-2
5.690895E1,1.715038E-1,7.933798E-2
5.694227E1,1.876804E-1,8.398017E-2
5.697559E1,1.979711E-1,8.711112E-2
5.700890E1,2.047993E-1,8.929287E-2
5.704222E1,2.091720E-1,9.116760E-2
5.707554E1,2.071515E-1,9.127798E-2
5.710886E1,2.000124E-1,8.892601E-2
5.714218E1,1.874337E-1,8.451938E-2
5.717550E1,1.696936E-1,7.899130E-2
5.720882E1,1.494268E-1,7.395045E-2
5.724214E1,1.266330E-1,6.880155E-2
5.727546E1,9.806601E-2,6.404623E-2
5.730878E1,6.727640E-2,5.939542E-2
5.734209E1,3.649776E-2,5.670293E-2
5.737541E1,5.434170E-3,5.513687E-2
5.740873E1,-2.737933E-2,5.492534E-2
5.744205E1,-6.180074E-2,5.743809E-2
5.747537E1,-8.969183E-2,6.035365E-2
5.750869E1,-1.226518E-1,6.557553E-2
5.754201E1,-1.464358E-1,7.055723E-2
5.757533E1,-1.682511E-1,7.593185E-2
5.760865E1,-1.862955E-1,8.120395E-2
5.764197E1,-2.039707E-1,8.647967E-2
5.767529E1,-2.120427E-1,8.889169E-2
5.770860E1,-2.123256E-1,8.907678E-2
5.774192E1,-2.118454E-1,8.908186E-2
5.777524E1,-2.038492E-1,8.665505E-2
5.780856E1,-1.961261E-1,8.379505E-2
5.784188E1,-1.809117E-1,7.888182E-2
5.787520E1,-1.632174E-1,7.366493E-2
5.790852E1,-1.429014E-1,6.845580E-2
5.794184E1,-1.177287E-1,6.327134E-2
5.797516E1,-8.846977E-2,5.835889E-2
5.800848E1,-6.139782E-2,5.510610E-2
5.804179E1,-2.098439E-2,5.446089E-2
5.807511E1,1.219585E-2,5.439676E-2
5.810843E1,4.489365E-2,5.665883E-2
5.814175E1,7.531005E-2,5.932811E-2
5.817507E1,1.058132E-1,6.421837E-2
5.820839E1,1.316147E-1,6.899151E-2
5.824171E1,1.522443E-1,7.414063E-2
5.827503E1,1.715845E-1,7.923039E-2
5.830835E1,1.894428E-1,8.424339E-2
5.834167E1,2.028953E-1,8.883311E-2
5.837499E1,2.100727E-1,9.164807E-2
5.840830E1,2.123690E-1,9.201161E-2
5.844162E1,2.122541E-1,9.188812E-2
5.847494E1,2.054854E-1,8.917091E-2
5.850826E1,1.970520E-1,8.670949E-2
5.854158E1,1.817826E-1,8.182846E-2
5.857490E1,1.638836E-1,7.684915E-2
5.860822E1,1.365340E-1,6.926602E-2
5.864154E1,1.110915E-1,6.401691E-2
5.867486E1,8.027870E-2,5.944192E-2
5.870818E1,5.291761E-2,5.666004E-2
5.874149E1,1.897422E-2,5.466181E-2
5.877481E1,-1.148508E-2,5.472347E-2
5.880813E1,-4.518363E-2,5.531215E-2
5.884145E1,-7.828151E-2,5.817915E-2
5.887477E1,-1.146174E-1,6.288792E-2
5.890809E1,-1.416265E-1,6.867174E-2
5.894141E1,-1.627663E-1,7.342954E-2
5.897473E1,-1.807890E-1,7.848796E-2
5.900805E1,-1.959117E-1,8.353342E-2
5.904137E1,-2.035023E-1,8.629230E-2
5.907469E1,-2.109773E-1,8.882251E-2
5.910800E1,-2.105511E-1,8.894579E-2
5.914132E1,-2.051238E-1,8.662105E-2
5.917464E1,-1.975323E-1,8.393973E-2
5.920796E1,-1.824488E-1,7.900208E-2
5.924128E1,-1.648574E-1,7.381968E-2
5.927460E1,-1.430761E-1,6.855788E-2
5.930792E1,-1.179238E-1,6.349923E-2
5.934124E1,-9.972389E-2,6.057678E-2
5.937456E1,-6.222870E-2,5.548479E-2
5.940788E1,-3.164253E-2,5.291038E-2
5.944120E1,-4.823604E-4,5.234808E-2
5.947451E1,3.781652E-2,5.468920E-2
5.950783E1,6.841699E-2,5.716039E-2
5.954115E1,9.944071E-2,6.175726E-2
5.957447E1,1.268526E-1,6.703977E-2
5.960779E1,1.499411E-1,7.194603E-2
5.964111E1,1.702227E-1,7.699445E-2
5.967443E1,1.863296E-1,8.157133E-2
5.970775E1,1.992697E-1,8.629007E-2
5.974107E1,2.063815E-1,8.903655E-2
5.977439E1,2.084606E-1,8.966484E-2
5.980770E1,2.084323E-1,8.952404E-2
5.984102E1,2.016026E-1,8.685092E-2
5.987434E1,1.930920E-1,8.430238E-2
5.990766E1,1.785660E-1,7.928642E-2
5.994098E1,1.605353E-1,7.426258E-2
5.997430E1,1.382001E-1,6.893427E-2
6.000762E1,1.139998E-1,6.412880E-2
6.004094E1,8.475395E-2,5.929486E-2
6.007426E1,5.696305E-2,5.690722E-2
6.010758E1,2.428710E-2,5.445945E-2
6.014090E1,-6.133108E-3,5.449231E-2
6.017421E1,-4.468041E-2,5.503451E-2
6.020753E1,-7.466398E-2,5.761467E-2
6.024085E1,-1.108934E-1,6.276829E-2
6.027417E1,-1.381371E-1,6.817752E-2
6.030749E1,-1.606067E-1,7.357767E-2
6.034081E1,-1.796607E-1,7.875228E-2
6.037413E1,-1.954718E-1,8.372191E-2
6.040745E1,-2.030858E-1,8.627490E-2
6.044077E1,-2.106741E-1,8.881611E-2
6.047409E1,-2.110371E-1,8.877537E-2
6.050740E1,-2.053559E-1,8.663116E-2
6.054072E1,-1.978853E-1,8.390539E-2
6.057404E1,-1.878269E-1,8.108456E-2
6.060736E1,-1.704070E-1,7.587279E-2
6.064068E1,-1.498191E-1,7.077103E-2
6.067400E1,-1.263412E-1,6.588990E-2
6.070732E1,-1.048714E-1,6.279776E-2
6.074064E1,-7.202712E-2,5.778079E-2
6.077396E1,-4.228859E-2,5.504149E-2
6.080728E1,-1.123166E-2,5.436932E-2
6.084060E1,1.893765E-2,5.446933E-2
6.087391E1,4.968332E-2,5.670227E-2
6.090723E1,8.122158E-2,5.984047E-2
6.094055E1,1.094768E-1,6.416852E-2
6.097387E1,1.345363E-1,6.921829E-2
6.100719E1,1.552939E-1,7.394741E-2
6.104051E1,1.728916E-1,7.902934E-2
6.107383E1,1.880346E-1,8.384751E-2
6.110715E1,1.965680E-1,8.634716E-2
6.114047E1,2.020571E-1,8.879495E-2
6.117379E1,2.025646E-1,8.890958E-2
6.120711E1,1.965020E-1,8.676612E-2
6.124042E1,1.881512E-1,8.406917E-2
6.127374E1,1.734381E-1,7.946407E-2
6.130706E1,1.556723E-1,7.418726E-2
6.134038E1,1.350554E-1,6.903578E-2
6.137370E1,1.117852E-1,6.419401E-2
6.140702E1,8.402435E-2,5.943010E-2
6.144034E1,5.600902E-2,5.657520E-2
6.147366E1,2.513197E-2,5.448889E-2
6.150698E1,-2.691206E-3,5.445681E-2
6.154030E1,-3.313062E-2,5.520521E-2
6.157361E1,-7.072142E-2,5.739682E-2
6.160693E1,-9.888654E-2,6.080281E-2
6.164025E1,-1.244758E-1,6.538626E-2
6.167357E1,-1.493143E-1,7.091864E-2
6.170689E1,-1.696811E-1,7.609896E-2
6.174021E1,-1.880038E-1,8.107452E-2
6.177353E1,-2.029746E-1,8.641923E-2
6.180685E1,-2.103310E-1,8.912136E-2
6.184017E1,-2.104706E-1,8.900902E-2
6.187349E1,-2.101959E-1,8.922726E-2
6.190681E1,-2.028383E-1,8.650323E-2
6.194012E1,-1.929454E-1,8.364197E-2
6.197344E1,-1.770763E-1,7.905340E-2
6.200676E1,-1.576987E-1,7.331354E-2
6.204008E1,-1.341988E-1,6.831324E-2
6.207340E1,-1.083754E-1,6.293011E-2
6.210672E1,-7.578834E-2,5.783484E-2
6.214004E1,-4.542350E-2,5.491571E-2
6.217336E1,-1.772628E-2,5.453815E-2
6.220668E1,1.376305E-2,5.456474E-2
6.224000E1,4.393131E-2,5.659128E-2
6.227331E1,7.213356E-2,5.953417E-2
6.230663E1,1.008099E-1,6.396020E-2
6.233995E1,1.267424E-1,6.880597E-2
6.237327E1,1.469470E-1,7.393886E-2
6.240659E1,1.639450E-1,7.884921E-2
6.243991E1,1.768077E-1,8.211634E-2
6.247323E1,1.871213E-1,8.446951E-2
6.250655E1,1.926978E-1,8.624359E-2
6.253987E1,1.924135E-1,8.649814E-2
6.257319E1,1.917405E-1,8.649049E-2
6.260651E1,1.848388E-1,8.393571E-2
6.263982E1,1.701076E-1,7.916818E-2
6.267314E1,1.532045E-1,7.407327E-2
6.270646E1,1.325384E-1,6.921679E-2
6.273978E1,1.089921E-1,6.427629E-2
6.277310E1,8.147211E-2,5.974696E-2
6.280642E1,5.077639E-2,5.650706E-2
6.283974E1,1.910329E-2,5.498310E-2
6.287306E1,-1.093692E-2,5.443071E-2
6.290638E1,-4.116561E-2,5.505328E-2
6.293970E1,-7.198125E-2,5.742326E-2
6.297302E1,-9.510092E-2,6.032320E-2
6.300633E1,-1.262944E-1,6.564924E-2
6.303965E1,-1.495477E-1,7.078663E-2
6.307297E1,-1.621452E-1,7.365623E-2
6.310629E1,-1.809775E-1,7.856729E-2
6.313961E1,-1.895799E-1,8.136056E-2
6.317293E1,-1.967899E-1,8.367872E-2
6.320625E1,-1.969633E-1,8.393475E-2
6.323957E1,-1.967800E-1,8.368969E-2
6.327289E1,-1.890996E-1,8.132758E-2
6.330621E1,-1.789582E-1,7.854453E-2
6.333952E1,-1.688424E-1,7.581714E-2
6.337284E1,-1.483392E-1,7.082421E-2
6.340616E1,-1.259281E-1,6.559782E-2
6.343948E1,-1.060987E-1,6.281568E-2
6.347280E1,-7.237947E-2,5.767839E-2
6.350612E1,-4.629572E-2,5.517739E-2
6.353944E1,-1.466438E-2,5.446861E-2
6.357276E1,1.220779E-2,5.446696E-2
6.360608E1,3.998578E-2,5.659511E-2
6.363940E1,6.865251E-2,5.936487E-2
6.367272E1,9.844048E-2,6.393474E-2
6.370603E1,1.257841E-1,6.898481E-2
6.373935E1,1.481408E-1,7.392571E-2
6.377267E1,1.661060E-1,7.890069E-2
6.380599E1,1.757987E-1,8.180417E-2
6.383931E1,1.853893E-1,8.447359E-2
6.387263E1,1.915890E-1,8.630272E-2
6.390595E1,1.915876E-1,8.644792E-2
6.393927E1,1.906100E-1,8.644995E-2
6.397259E1,1.833173E-1,8.401514E-2
6.400591E1,1.734927E-1,8.130219E-2
6.403922E1,1.559725E-1,7.643901E-2
6.407254E1,1.351363E-1,7.170055E-2
6.410586E1,1.122522E-1,6.658715E-2
6.413918E1,8.423753E-2,6.199603E-2
6.417250E1,6.335136E-2,5.926546E-2
6.420582E1,3.543587E-2,5.695376E-2
6.423914E1,-2.145649E-4,5.470753E-2
6.427246E1,-3.032926E-2,5.515497E-2
6.430578E1,-5.837066E-2,5.720293E-2
6.433910E1,-8.632284E-2,6.018745E-2
6.437242E1,-1.152789E-1,6.521516E-2
6.440573E1,-1.424286E-1,7.065986E-2
6.443905E1,-1.626660E-1,7.582214E-2
6.447237E1,-1.728609E-1,7.848507E-2
6.450569E1,-1.826821E-1,8.119611E-2
6.453901E1,-1.906867E-1,8.357993E-2
6.457233E1,-1.922459E-1,8.399859E-2
6.460565E1,-1.923204E-1,8.380915E-2
6.463897E1,-1.852002E-1,8.122187E-2
6.467229E1,-1.753784E-1,7.845918E-2
6.470561E1,-1.662865E-1,7.582652E-2
6.473892E1,-1.468771E-1,7.085662E-2
6.477224E1,-1.234659E-1,6.573120E-2
6.480556E1,-1.039152E-1,6.275085E-2
6.483888E1,-7.233141E-2,5.786857E-2
6.487220E1,-4.536572E-2,5.529566E-2
6.490552E1,-1.158917E-2,5.458777E-2
6.493884E1,1.709954E-2,5.450697E-2
6.497216E1,4.598545E-2,5.663824E-2
6.500548E1,7.143303E-2,5.920562E-2
6.503880E1,9.983305E-2,6.387420E-2
6.507212E1,1.259022E-1,6.905276E-2
6.510543E1,1.475358E-1,7.404361E-2
6.513875E1,1.659427E-1,7.884168E-2
6.517207E1,1.762352E-1,8.154923E-2
6.520539E1,1.839548E-1,8.402661E-2
6.523871E1,1.907150E-1,8.652695E-2
6.527203E1,1.914366E-1,8.649680E-2
6.530535E1,1.911092E-1,8.642355E-2
6.533867E1,1.831759E-1,8.401606E-2
6.537199E1,1.736234E-1,8.134040E-2
6.540531E1,1.566921E-1,7.664809E-2
6.543863E1,1.366248E-1,7.157078E-2
6.547194E1,1.135455E-1,6.664556E-2
6.550526E1,9.554308E-2,6.419718E-2
6.553858E1,6.246079E-2,5.932780E-2
6.557190E1,3.477110E-2,5.684466E-2
6.560522E1,1.334261E-3,5.507089E-2
6.563854E1,-2.690871E-2,5.502155E-2
6.567186E1,-5.280326E-2,5.710946E-2
6.570518E1,-8.173133E-2,6.007599E-2
6.573850E1,-1.069655E-1,6.334372E-2
6.577182E1,-1.358793E-1,6.806475E-2
6.580513E1,-1.561612E-1,7.323183E-2
6.583845E1,-1.685978E-1,7.618355E-2
6.587177E1,-1.852554E-1,8.108675E-2
6.590509E1,-1.933622E-1,8.356667E-2
6.593841E1,-1.948977E-1,8.404745E-2
6.597173E1,-1.947746E-1,8.404221E-2
6.600505E1,-1.883077E-1,8.130805E-2
6.603837E1,-1.781642E-1,7.849581E-2
6.607169E1,-1.678138E-1,7.580296E-2
6.610501E1,-1.675330E-1,7.595548E-2
6.613833E1,-1.321666E-1,6.801026E-2
6.617164E1,-1.049144E-1,6.160517E-2
6.620496E1,-8.115140E-2,5.750158E-2
6.623828E1,-5.336926E-2,5.499004E-2
6.627160E1,-2.544618E-2,5.411090E-2
6.630492E1,6.842547E-4,5.423511E-2
6.633824E1,3.339001E-2,5.460761E-2
6.637156E1,6.006329E-2,5.687175E-2
6.640488E1,9.302118E-2,6.128901E-2
6.643820E1,1.119460E-1,6.440909E-2
6.647152E1,1.341838E-1,6.901700E-2
6.650483E1,1.518491E-1,7.363687E-2
6.653815E1,1.692590E-1,7.849533E-2
6.657147E1,1.775408E-1,8.123089E-2
6.660479E1,1.846727E-1,8.351082E-2
6.663811E1,1.850815E-1,8.374337E-2
6.667143E1,1.851122E-1,8.352491E-2
6.670475E1,1.779126E-1,8.138637E-2
6.673807E1,1.677652E-1,7.871429E-2
6.677139E1,1.522608E-1,7.427454E-2
6.680471E1,1.337658E-1,6.913528E-2
6.683803E1,1.113613E-1,6.406661E-2
6.687134E1,9.260708E-2,6.153024E-2
6.690466E1,6.015590E-2,5.658311E-2
6.693798E1,3.178804E-2,5.437114E-2
6.697130E1,8.704593E-3,5.419295E-2
6.700462E1,-2.099487E-2,5.430040E-2
6.703794E1,-5.240767E-2,5.514716E-2
6.707126E1,-8.112422E-2,5.784330E-2
6.710458E1,-1.155023E-1,6.254305E-2
6.713790E1,-1.328909E-1,6.563756E-2
6.717122E1,-1.546335E-1,7.062181E-2
6.720454E1,-1.648045E-1,7.335829E-2
6.723785E1,-1.841908E-1,7.842760E-2
6.727117E1,-1.929341E-1,8.105451E-2
6.730449E1,-1.934038E-1,8.105886E-2
6.733781E1,-1.928776E-1,8.106856E-2
6.737113E1,-1.833412E-1,7.845106E-2
6.740445E1,-1.749374E-1,7.583972E-2
6.743777E1,-1.645246E-1,7.314251E-2
6.747109E1,-1.445348E-1,6.836410E-2
6.750441E1,-1.309933E-1,6.523679E-2
6.753773E1,-1.034301E-1,6.046784E-2
6.757104E1,-8.160100E-2,5.732779E-2
6.760436E1,-5.546890E-2,5.490112E-2
6.763768E1,-1.432011E-2,5.442907E-2
6.767100E1,1.433529E-2,5.431545E-2
6.770432E1,4.457294E-2,5.666567E-2
6.773764E1,7.226690E-2,5.929569E-2
6.777096E1,9.542919E-2,6.174249E-2
6.780428E1,1.204185E-1,6.669547E-2
6.783760E1,1.415056E-1,7.135071E-2
6.787092E1,1.547123E-1,7.378283E-2
6.790424E1,1.713853E-1,7.905496E-2
6.793755E1,1.816617E-1,8.165139E-2
6.797087E1,1.884348E-1,8.386685E-2
6.800419E1,1.887182E-1,8.391488E-2
6.803751E1,1.879681E-1,8.404005E-2
6.807083E1,1.806608E-1,8.150012E-2
6.810415E1,1.708654E-1,7.874112E-2
6.813747E1,1.548044E-1,7.425614E-2
6.817079E1,1.406635E-1,7.107005E-2
6.820411E1,1.192284E-1,6.661606E-2
6.823743E1,9.420501E-2,6.156374E-2
6.827074E1,6.391165E-2,5.674094E-2
6.830406E1,3.570849E-2,5.444602E-2
6.833738E1,1.276552E-2,5.420216E-2
6.837070E1,-1.707034E-2,5.431659E-2
6.840402E1,-4.840823E-2,5.506776E-2
6.843734E1,-7.583743E-2,5.727312E-2
6.847066E1,-1.003899E-1,6.039271E-2
6.850398E1,-1.322842E-1,6.549984E-2
6.853730E1,-1.533166E-1,7.060376E-2
6.857062E1,-1.653089E-1,7.336390E-2
6.860394E1,-1.747404E-1,7.609801E-2
6.863725E1,-1.842558E-1,7.842661E-2
6.867057E1,-1.917418E-1,8.083262E-2
6.870389E1,-1.913392E-1,8.099128E-2
6.873721E1,-1.893582E-1,8.070777E-2
6.877053E1,-1.809638E-1,7.846582E-2
6.880385E1,-1.714153E-1,7.575464E-2
6.883717E1,-1.528859E-1,7.065139E-2
6.887049E1,-1.300581E-1,6.557901E-2
6.890381E1,-1.105243E-1,6.251579E-2
6.893713E1,-8.741796E-2,5.981822E-2
6.897045E1,-6.189315E-2,5.727687E-2
6.900376E1,-3.145439E-2,5.471706E-2
6.903708E1,-3.451943E-3,5.447295E-2
6.907040E1,2.665935E-2,5.450557E-2
6.910372E1,5.283609E-2,5.659721E-2
6.913704E1,7.925263E-2,5.935665E-2
6.917036E1,1.018435E-1,6.315218E-2
6.920368E1,1.249241E-1,6.727638E-2
6.923700E1,1.472239E-1,7.263196E-2
6.927032E1,1.580518E-1,7.530718E-2
6.930364E1,1.677262E-1,7.798033E-2
6.933695E1,1.743215E-1,8.002056E-2
6.937027E1,1.764616E-1,8.054171E-2
6.940359E1,1.749473E-1,8.008570E-2
6.943691E1,1.684245E-1,7.797565E-2
6.947023E1,1.599288E-1,7.541238E-2
6.950355E1,1.500047E-1,7.250084E-2
6.953687E1,1.295558E-1,6.806542E-2
6.957019E1,1.142361E-1,6.510621E-2
6.960351E1,8.728453E-2,6.025862E-2
6.963683E1,6.404401E-2,5.781047E-2
6.967015E1,3.813767E-2,5.548192E-2
6.970346E1,7.903084E-3,5.363095E-2
6.973678E1,-2.218729E-2,5.358071E-2
6.977010E1,-4.726423E-2,5.512861E-2
6.980342E1,-7.448223E-2,5.723471E-2
6.983674E1,-9.876662E-2,6.026845E-2
6.987006E1,-1.301270E-1,6.549383E-2
6.990338E1,-1.420537E-1,6.797358E-2
6.993670E1,-1.642946E-1,7.303918E-2
6.997002E1,-1.739631E-1,7.583974E-2
7.000334E1,-1.820673E-1,7.811316E-2
7.003665E1,-1.896439E-1,8.068877E-2
7.006997E1,-1.893117E-1,8.081123E-2
7.010329E1,-1.871460E-1,8.069203E-2
7.013661E1,-1.786611E-1,7.843030E-2
7.016993E1,-1.684614E-1,7.580961E-2
7.020325E1,-1.506186E-1,7.084491E-2
7.023657E1,-1.281366E-1,6.537559E-2
7.026989E1,-1.102584E-1,6.254781E-2
7.030321E1,-8.766274E-2,5.971170E-2
7.033653E1,-6.162485E-2,5.712958E-2
7.036985E1,-3.216143E-2,5.478633E-2
7.040316E1,-4.108731E-3,5.432352E-2
7.043648E1,2.461289E-2,5.467907E-2
7.046980E1,5.025804E-2,5.662949E-2
7.050312E1,7.547943E-2,5.931921E-2
7.053644E1,9.859845E-2,6.346251E-2
7.056976E1,1.184236E-1,6.680193E-2
7.060308E1,1.353365E-1,7.098185E-2
7.063640E1,1.485290E-1,7.425971E-2
7.066972E1,1.591790E-1,7.657078E-2
7.070304E1,1.675153E-1,7.855629E-2
7.073635E1,1.704396E-1,7.909370E-2
7.076967E1,1.691218E-1,7.889780E-2
7.080299E1,1.643078E-1,7.729246E-2
7.083631E1,1.545364E-1,7.506602E-2
7.086963E1,1.411140E-1,7.134344E-2
7.090295E1,1.249900E-1,6.729387E-2
7.093627E1,1.042517E-1,6.336792E-2
7.096959E1,8.227599E-2,5.983562E-2
7.100291E1,5.717559E-2,5.741298E-2
7.103623E1,2.946822E-2,5.540738E-2
7.106955E1,4.429494E-3,5.371808E-2
7.110286E1,-2.380141E-2,5.363846E-2
7.113618E1,-5.532721E-2,5.587004E-2
7.116950E1,-8.362160E-2,5.890865E-2
7.120282E1,-1.061469E-1,6.172804E-2
7.123614E1,-1.239192E-1,6.441376E-2
7.126946E1,-1.476030E-1,6.921759E-2
7.130278E1,-1.597504E-1,7.219544E-2
7.133610E1,-1.719975E-1,7.497117E-2
7.136942E1,-1.806416E-1,7.715387E-2
7.140274E1,-1.875685E-1,7.966320E-2
7.143606E1,-1.877685E-1,7.981107E-2
7.146937E1,-1.855575E-1,7.948326E-2
7.150269E1,-1.774039E-1,7.737890E-2
7.153601E1,-1.669340E-1,7.478363E-2
7.156933E1,-1.497921E-1,6.961612E-2
7.160265E1,-1.339930E-1,6.692722E-2
7.163597E1,-1.091001E-1,6.174234E-2
7.166929E1,-8.800480E-2,5.888651E-2
7.170261E1,-6.142124E-2,5.606959E-2
7.173593E1,-3.194273E-2,5.382615E-2
7.176925E1,-5.742818E-3,5.348269E-2
7.180256E1,2.184414E-2,5.356994E-2
7.183588E1,4.713361E-2,5.539410E-2
7.186920E1,7.320314E-2,5.814252E-2
7.190252E1,9.582673E-2,6.142322E-2
7.193584E1,1.159565E-1,6.550595E-2
7.196916E1,1.333008E-1,6.940689E-2
7.200248E1,1.494356E-1,7.299952E-2
7.203580E1,1.585719E-1,7.562370E-2
7.206912E1,1.679192E-1,7.760457E-2
7.210244E1,1.700114E-1,7.812092E-2
7.213576E1,1.701173E-1,7.789015E-2
7.216907E1,1.690644E-1,7.769864E-2
7.220239E1,1.603061E-1,7.530138E-2
7.223571E1,1.425885E-1,7.055257E-2
7.226903E1,1.299795E-1,6.758988E-2
7.230235E1,1.093081E-1,6.324526E-2
7.233567E1,9.076650E-2,6.027965E-2
7.236899E1,7.056400E-2,5.805798E-2
7.240231E1,4.448797E-2,5.567543E-2
7.243563E1,1.444998E-2,5.341993E-2
7.246895E1,-1.165640E-2,5.334539E-2
7.250226E1,-3.952439E-2,5.399514E-2
7.253558E1,-6.489303E-2,5.613571E-2
7.256890E1,-8.977101E-2,5.899982E-2
7.260222E1,-1.126968E-1,6.205145E-2
7.263554E1,-1.311857E-1,6.570252E-2
7.266886E1,-1.470372E-1,6.865751E-2
7.270218E1,-1.595612E-1,7.110883E-2
7.273550E1,-1.680462E-1,7.313445E-2
7.276882E1,-1.730338E-1,7.488606E-2
7.280214E1,-1.731258E-1,7.480879E-2
7.283546E1,-1.664038E-1,7.421045E-2
7.286877E1,-1.597914E-1,7.223690E-2
7.290209E1,-1.479943E-1,6.942467E-2
7.293541E1,-1.318316E-1,6.639512E-2
7.296873E1,-1.121384E-1,6.390222E-2
7.300205E1,-9.142708E-2,6.101241E-2
7.303537E1,-6.726264E-2,5.854155E-2
7.306869E1,-4.336411E-2,5.631489E-2
7.310201E1,-1.601137E-2,5.569019E-2
7.313533E1,1.170012E-2,5.582889E-2
7.316865E1,3.573971E-2,5.577651E-2
7.320197E1,6.242830E-2,5.805257E-2
7.323528E1,8.574956E-2,6.040943E-2
7.326860E1,1.051948E-1,6.305870E-2
7.330192E1,1.280972E-1,6.799301E-2
7.333524E1,1.417748E-1,7.016235E-2
7.336856E1,1.535461E-1,7.303455E-2
7.340188E1,1.637133E-1,7.554823E-2
7.343520E1,1.721069E-1,7.760223E-2
7.346852E1,1.731674E-1,7.789870E-2
7.350184E1,1.725924E-1,7.794241E-2
7.353516E1,1.647998E-1,7.538029E-2
7.356847E1,1.551204E-1,7.293256E-2
7.360179E1,1.456357E-1,7.011072E-2
7.363511E1,1.322411E-1,6.759156E-2
7.366843E1,1.093189E-1,6.304003E-2
7.370175E1,9.288680E-2,6.044056E-2
7.373507E1,7.069925E-2,5.780230E-2
7.376839E1,4.469315E-2,5.554976E-2
7.380171E1,1.447696E-2,5.329102E-2
7.383503E1,-1.105092E-2,5.330644E-2
7.386835E1,-3.901977E-2,5.377803E-2
7.390167E1,-6.278961E-2,5.605167E-2
7.393498E1,-8.931201E-2,5.893317E-2
7.396830E1,-1.094023E-1,6.194099E-2
7.400162E1,-1.386915E-1,6.668304E-2
7.403494E1,-1.505885E-1,6.976215E-2
7.406826E1,-1.617263E-1,7.212187E-2
7.410158E1,-1.708103E-1,7.477051E-2
7.413490E1,-1.734418E-1,7.506348E-2
7.416822E1,-1.732545E-1,7.500970E-2
7.420154E1,-1.713299E-1,7.428203E-2
7.423486E1,-1.636447E-1,7.229736E-2
7.426817E1,-1.533296E-1,6.963930E-2
7.430149E1,-1.401341E-1,6.655665E-2
7.433481E1,-1.221653E-1,6.363397E-2
7.436813E1,-1.085653E-1,6.166625E-2
7.440145E1,-8.681172E-2,5.876319E-2
7.443477E1,-6.191944E-2,5.630437E-2
7.446809E1,-2.835565E-2,5.364502E-2
7.450141E1,-2.682002E-3,5.330485E-2
7.453473E1,2.308774E-2,5.386022E-2
7.456805E1,4.823827E-2,5.624026E-2
7.460137E1,7.157141E-2,5.891968E-2
7.463468E1,9.301034E-2,6.172044E-2
7.466800E1,1.113585E-1,6.441586E-2
7.470132E1,1.312835E-1,6.863608E-2
7.473464E1,1.440243E-1,7.170826E-2
7.476796E1,1.538972E-1,7.402011E-2
7.480128E1,1.619850E-1,7.614946E-2
7.483460E1,1.636927E-1,7.689643E-2
7.486792E1,1.640230E-1,7.647870E-2
7.490124E1,1.620921E-1,7.595374E-2
7.493456E1,1.520069E-1,7.370359E-2
7.496788E1,1.410492E-1,7.123876E-2
7.500119E1,1.290691E-1,6.868770E-2
7.503451E1,1.061228E-1,6.394786E-2
7.506783E1,9.060011E-2,6.144529E-2
7.510115E1,6.980771E-2,5.919961E-2
7.513447E1,4.510181E-2,5.657290E-2
7.516779E1,1.368564E-2,5.430247E-2
7.520111E1,-1.037855E-2,5.423681E-2
7.523443E1,-3.790339E-2,5.479717E-2
7.526775E1,-6.121535E-2,5.699528E-2
7.530107E1,-8.625516E-2,5.975323E-2
7.533438E1,-1.077374E-1,6.280232E-2
7.536770E1,-1.265097E-1,6.569353E-2
7.540102E1,-1.425245E-1,6.840652E-2
7.543434E1,-1.542450E-1,7.093096E-2
7.546766E1,-1.649869E-1,7.303676E-2
7.550098E1,-1.737570E-1,7.551039E-2
7.553430E1,-1.739057E-1,7.572417E-2
7.556762E1,-1.720028E-1,7.564241E-2
7.560094E1,-1.644522E-1,7.344342E-2
7.563426E1,-1.547019E-1,7.070573E-2
7.566758E1,-1.421529E-1,6.792701E-2
7.570089E1,-1.263529E-1,6.530647E-2
7.573421E1,-1.086128E-1,6.242596E-2
7.576753E1,-8.706323E-2,5.974945E-2
7.580085E1,-6.338305E-2,5.712275E-2
7.583417E1,-3.723436E-2,5.485058E-2
7.586749E1,-1.141271E-2,5.429540E-2
7.590081E1,1.493753E-2,5.451056E-2
7.593413E1,4.089913E-2,5.631339E-2
7.596745E1,6.526962E-2,5.896329E-2
7.600077E1,8.780874E-2,6.167685E-2
7.603408E1,1.083425E-1,6.462503E-2
7.606740E1,1.289827E-1,6.856786E-2
7.610072E1,1.410466E-1,7.136567E-2
7.613404E1,1.516688E-1,7.395168E-2
7.616736E1,1.593595E-1,7.596083E-2
7.620068E1,1.614453E-1,7.645743E-2
7.623400E1,1.612386E-1,7.637759E-2
7.626732E1,1.547235E-1,7.438842E-2
7.630064E1,1.467873E-1,7.194194E-2
7.633396E1,1.339518E-1,6.884342E-2
7.636728E1,1.177881E-1,6.601252E-2
7.640059E1,9.843166E-2,6.290512E-2
7.643391E1,7.845459E-2,5.963012E-2
7.646723E1,5.497876E-2,5.656667E-2
7.650055E1,3.053262E-2,5.444311E-2
7.653387E1,4.789659E-3,5.383891E-2
7.656719E1,-2.210149E-2,5.439366E-2
7.660051E1,-4.589120E-2,5.485117E-2
7.663383E1,-7.319798E-2,5.721046E-2
7.666715E1,-9.625133E-2,6.009978E-2
7.670047E1,-1.139473E-1,6.276476E-2
7.673378E1,-1.373559E-1,6.777424E-2
7.676710E1,-1.502169E-1,7.034464E-2
7.680042E1,-1.604414E-1,7.304904E-2
7.683374E1,-1.696954E-1,7.580698E-2
7.686706E1,-1.721100E-1,7.613092E-2
7.690038E1,-1.725450E-1,7.583883E-2
7.693370E1,-1.705196E-1,7.550098E-2
7.696702E1,-1.621367E-1,7.328754E-2
7.700034E1,-1.518724E-1,7.069686E-2
7.703366E1,-1.394877E-1,6.772308E-2
7.706698E1,-1.240247E-1,6.507827E-2
7.710029E1,-1.064198E-1,6.252943E-2
7.713361E1,-8.665687E-2,5.976465E-2
7.716693E1,-6.131500E-2,5.723415E-2
7.720025E1,-3.423331E-2,5.497763E-2
7.723357E1,-9.231672E-3,5.439881E-2
7.726689E1,1.613846E-2,5.440225E-2
7.730021E1,4.019957E-2,5.635023E-2
7.733353E1,6.288952E-2,5.884953E-2
7.736685E1,8.505206E-2,6.161805E-2
7.740017E1,1.045987E-1,6.439311E-2
7.743349E1,1.220055E-1,6.700294E-2
7.746680E1,1.356923E-1,6.947197E-2
7.750012E1,1.466397E-1,7.174964E-2
7.753344E1,1.538863E-1,7.354567E-2
7.756676E1,1.563384E-1,7.436176E-2
7.760008E1,1.558113E-1,7.396915E-2
7.763340E1,1.502607E-1,7.326020E-2
7.766672E1,1.411550E-1,7.068464E-2
7.770004E1,1.305196E-1,6.779097E-2
7.773336E1,1.144769E-1,6.495295E-2
7.776668E1,9.606052E-2,6.236253E-2
7.779999E1,7.282756E-2,5.991582E-2
7.783331E1,4.909593E-2,5.784569E-2
7.786663E1,2.460258E-2,5.581638E-2
7.789995E1,-3.195014E-3,5.560878E-2
7.793327E1,-2.888026E-2,5.591704E-2
7.796659E1,-5.200559E-2,5.638338E-2
7.799991E1,-7.784653E-2,5.854365E-2
7.803323E1,-9.969866E-2,6.169561E-2
7.806655E1,-1.183824E-1,6.404397E-2
7.809987E1,-1.396727E-1,6.917793E-2
7.813319E1,-1.530570E-1,7.202065E-2
7.816650E1,-1.649014E-1,7.462971E-2
7.819982E1,-1.731441E-1,7.678405E-2
7.823314E1,-1.752292E-1,7.739263E-2
7.826646E1,-1.679934E-1,7.443312E-2
7.829978E1,-1.653408E-1,7.427540E-2
7.833310E1,-1.567473E-1,7.222331E-2
7.836642E1,-1.469767E-1,6.947278E-2
7.839974E1,-1.345090E-1,6.668047E-2
7.843306E1,-1.227806E-1,6.427285E-2
7.846638E1,-1.051586E-1,6.145926E-2
7.849969E1,-8.363600E-2,5.878878E-2
7.853301E1,-6.028762E-2,5.643052E-2
7.856633E1,-3.301418E-2,5.381610E-2
7.859965E1,-9.484622E-3,5.357489E-2
7.863297E1,1.599133E-2,5.356295E-2
7.866629E1,3.895784E-2,5.532008E-2
7.869961E1,6.119648E-2,5.789851E-2
7.873293E1,8.320162E-2,6.056697E-2
7.876625E1,1.030443E-1,6.332970E-2
7.879957E1,1.197241E-1,6.582966E-2
7.883289E1,1.328892E-1,6.820406E-2
7.886620E1,1.424877E-1,7.034111E-2
7.889952E1,1.483593E-1,7.232373E-2
7.893284E1,1.509762E-1,7.311449E-2
7.896616E1,1.507795E-1,7.274244E-2
7.899948E1,1.452679E-1,7.216560E-2
7.903280E1,1.373208E-1,7.039574E-2
7.906612E1,1.253628E-1,6.781543E-2
7.909944E1,1.090816E-1,6.516706E-2
7.913276E1,9.094656E-2,6.247255E-2
7.916608E1,6.947780E-2,6.015745E-2
7.919940E1,4.603963E-2,5.777228E-2
7.923271E1,2.246954E-2,5.588139E-2
7.926603E1,-2.753266E-3,5.556810E-2
7.929935E1,-2.743314E-2,5.606131E-2
7.933267E1,-5.065303E-2,5.624222E-2
7.936599E1,-7.583893E-2,5.872172E-2
7.939931E1,-9.859227E-2,6.157570E-2
7.943263E1,-1.176593E-1,6.420798E-2
7.946595E1,-1.342256E-1,6.688035E-2
7.949927E1,-1.525482E-1,7.173567E-2
7.953259E1,-1.630530E-1,7.453209E-2
7.956590E1,-1.719023E-1,7.680947E-2
7.959922E1,-1.740888E-1,7.709555E-2
7.963254E1,-1.743323E-1,7.692478E-2
7.966586E1,-1.718270E-1,7.675086E-2
7.969918E1,-1.635056E-1,7.470228E-2
7.973250E1,-1.533762E-1,7.197920E-2
7.976582E1,-1.407861E-1,6.917427E-2
7.979914E1,-1.254318E-1,6.648612E-2
7.983246E1,-1.075776E-1,6.386829E-2
7.986578E1,-8.694521E-2,6.129532E-2
7.989910E1,-6.410155E-2,5.886043E-2
7.993241E1,-3.880426E-2,5.621200E-2
7.996573E1,-1.518856E-2,5.575495E-2
7.999905E1,9.877609E-3,5.575044E-2
8.003237E1,3.307284E-2,5.765591E-2
8.006569E1,5.587987E-2,6.003372E-2
8.009901E1,7.699220E-2,6.259484E-2
8.013233E1,9.697380E-2,6.539010E-2
8.016565E1,1.135202E-1,6.786760E-2
8.019897E1,1.269845E-1,7.027814E-2
8.023229E1,1.368525E-1,7.252750E-2
8.026560E1,1.430915E-1,7.429537E-2
8.029892E1,1.457345E-1,7.431455E-2
8.033224E1,1.448202E-1,7.384393E-2
8.036556E1,1.394190E-1,7.339611E-2
8.039888E1,1.319098E-1,7.140427E-2
8.043220E1,1.213887E-1,6.867028E-2
8.046552E1,1.067441E-1,6.624586E-2
8.049884E1,9.026300E-2,6.355727E-2
8.053216E1,6.775967E-2,6.125616E-2
8.056548E1,4.653519E-2,5.904868E-2
8.059880E1,2.320487E-2,5.693882E-2
8.063211E1,-3.241969E-3,5.673571E-2
8.066543E1,-2.866532E-2,5.713272E-2
8.069875E1,-5.187816E-2,5.760362E-2
8.073207E1,-7.581940E-2,5.971510E-2
8.076539E1,-9.843109E-2,6.263198E-2
8.079871E1,-1.162711E-1,6.536622E-2
8.083203E1,-1.326345E-1,6.786705E-2
8.086535E1,-1.462630E-1,7.035240E-2
8.089867E1,-1.565752E-1,7.278086E-2
8.093199E1,-1.651598E-1,7.546029E-2
8.096531E1,-1.674504E-1,7.573783E-2
8.099862E1,-1.675837E-1,7.565266E-2
8.103194E1,-1.669523E-1,7.573655E-2
8.106526E1,-1.594757E-1,7.330667E-2
8.109858E1,-1.496858E-1,7.052696E-2
8.113190E1,-1.368543E-1,6.792674E-2
8.116522E1,-1.216560E-1,6.517110E-2
8.119854E1,-1.039028E-1,6.248967E-2
8.123186E1,-8.357449E-2,5.997242E-2
8.126518E1,-6.018439E-2,5.750656E-2
8.129850E1,-3.346653E-2,5.461355E-2
8.133181E1,-9.622338E-3,5.439048E-2
8.136513E1,1.570472E-2,5.445055E-2
8.139845E1,3.659672E-2,5.645993E-2
8.143177E1,5.993747E-2,5.874306E-2
8.146509E1,8.079906E-2,6.141298E-2
8.149841E1,9.951250E-2,6.413170E-2
8.153173E1,1.152722E-1,6.667574E-2
8.156505E1,1.279704E-1,6.905115E-2
8.159837E1,1.371737E-1,7.115864E-2
8.163169E1,1.432585E-1,7.336625E-2
8.166501E1,1.457454E-1,7.396724E-2
8.169832E1,1.447527E-1,7.377931E-2
8.173164E1,1.409130E-1,7.341077E-2
8.176496E1,1.328690E-1,7.143348E-2
8.179828E1,1.218724E-1,6.876095E-2
8.183160E1,1.073613E-1,6.611945E-2
8.186492E1,9.143148E-2,6.367087E-2
8.189824E1,7.381236E-2,6.129364E-2
8.193156E1,5.370023E-2,5.888580E-2
8.196488E1,3.053377E-2,5.690316E-2
8.199820E1,1.423360E-2,5.659333E-2
8.203151E1,-8.790587E-3,5.683028E-2
8.206483E1,-3.614159E-2,5.709602E-2
8.209815E1,-3.651848E-2,5.704783E-2
8.213147E1,-8.853332E-2,6.114051E-2
8.216479E1,-1.090241E-1,6.254176E-2
8.219811E1,-1.261895E-1,6.549834E-2
8.223143E1,-1.397091E-1,6.780337E-2
8.226475E1,-1.500314E-1,7.024049E-2
8.229807E1,-1.583669E-1,7.284359E-2
8.233139E1,-1.604101E-1,7.306412E-2
8.236471E1,-1.598497E-1,7.300398E-2
8.239802E1,-1.587956E-1,7.287606E-2
8.243134E1,-1.548598E-1,7.264958E-2
8.246466E1,-1.444937E-1,7.026079E-2
8.249798E1,-1.322692E-1,6.760643E-2
8.253130E1,-1.166354E-1,6.484015E-2
8.256462E1,-9.895066E-2,6.230735E-2
8.259794E1,-7.839889E-2,5.956946E-2
8.263126E1,-5.554412E-2,5.713607E-2
8.266458E1,-2.828390E-2,5.477476E-2
8.269790E1,-5.292654E-3,5.423920E-2
8.273121E1,1.836950E-2,5.459378E-2
8.276453E1,4.067527E-2,5.624858E-2
8.279785E1,6.107815E-2,5.850827E-2
8.283117E1,8.439843E-2,6.114906E-2
8.286449E1,1.022540E-1,6.371940E-2
8.289781E1,1.175335E-1,6.641526E-2
8.293113E1,1.319159E-1,6.907135E-2
8.296445E1,1.404584E-1,7.113888E-2
8.299777E1,1.482910E-1,7.316840E-2
8.303109E1,1.499837E-1,7.367888E-2
8.306441E1,1.498926E-1,7.356253E-2
8.309772E1,1.479550E-1,7.334251E-2
8.313104E1,1.378383E-1,7.110507E-2
8.316436E1,1.271431E-1,6.868975E-2
8.319768E1,1.144908E-1,6.615883E-2
8.323100E1,9.974955E-2,6.351679E-2
8.326432E1,8.231108E-2,6.122252E-2
8.329764E1,6.205297E-2,5.893085E-2
8.333096E1,3.915575E-2,5.663417E-2
8.336428E1,6.657749E-3,5.426654E-2
8.339760E1,-1.611306E-2,5.420756E-2
8.343092E1,-4.185220E-2,5.475037E-2
8.346423E1,-6.257724E-2,5.690538E-2
8.349755E1,-8.742752E-2,5.961557E-2
8.353087E1,-1.058902E-1,6.252265E-2
8.356419E1,-1.214722E-1,6.517077E-2
8.359751E1,-1.365551E-1,6.779966E-2
8.363083E1,-1.474829E-1,7.003429E-2
8.366415E1,-1.516410E-1,7.079955E-2
8.369747E1,-1.596799E-1,7.294286E-2
8.373079E1,-1.600362E-1,7.294411E-2
8.376411E1,-1.585384E-1,7.293954E-2
8.379742E1,-1.493880E-1,7.057447E-2
8.383074E1,-1.389312E-1,6.797250E-2
8.386406E1,-1.264446E-1,6.538701E-2
8.389738E1,-1.114932E-1,6.264341E-2
8.393070E1,-9.362330E-2,6.001061E-2
8.396402E1,-7.328099E-2,5.732522E-2
8.399734E1,-4.849352E-2,5.480710E-2
8.403066E1,-2.820102E-2,5.420370E-2
8.406398E1,-4.682352E-3,5.407577E-2
8.409730E1,2.018006E-2,5.431543E-2
8.413062E1,4.104050E-2,5.623176E-2
8.416393E1,6.780173E-2,5.866838E-2
8.419725E1,8.843766E-2,6.123996E-2
8.423057E1,1.053713E-1,6.408704E-2
8.426389E1,1.191323E-1,6.654435E-2
8.429721E1,1.312591E-1,6.889842E-2
8.433053E1,1.406048E-1,7.116354E-2
8.436385E1,1.444307E-1,7.171581E-2
8.439717E1,1.458354E-1,7.177658E-2
8.443049E1,1.450531E-1,7.152764E-2
8.446381E1,1.425611E-1,7.097910E-2
8.449712E1,1.346832E-1,6.912598E-2
8.453044E1,1.228540E-1,6.648340E-2
8.456376E1,1.095157E-1,6.389280E-2
8.459708E1,9.227699E-2,6.133297E-2
8.463040E1,7.144590E-2,5.865404E-2
8.466372E1,4.892949E-2,5.649194E-2
8.469704E1,2.653498E-2,5.465835E-2
8.473036E1,3.799843E-3,5.400803E-2
8.476368E1,-2.187212E-2,5.438281E-2
8.479700E1,-4.387758E-2,5.492986E-2
8.483032E1,-6.665409E-2,5.693240E-2
8.486363E1,-8.862891E-2,5.965931E-2
8.489695E1,-1.070070E-1,6.229285E-2
8.493027E1,-1.236831E-1,6.543786E-2
8.496359E1,-1.373650E-1,6.767513E-2
8.499691E1,-1.475528E-1,7.006842E-2
8.503023E1,-1.564764E-1,7.266637E-2
8.506355E1,-1.579240E-1,7.313163E-2
8.509687E1,-1.591351E-1,7.298638E-2
8.513019E1,-1.564643E-1,7.268902E-2
8.516351E1,-1.478646E-1,7.058334E-2
8.519683E1,-1.381385E-1,6.788009E-2
8.523014E1,-1.252261E-1,6.528240E-2
8.526346E1,-1.097888E-1,6.257466E-2
8.529678E1,-9.088575E-2,5.981525E-2
8.533010E1,-7.140849E-2,5.725653E-2
8.536342E1,-4.614737E-2,5.476067E-2
8.539674E1,-2.697574E-2,5.432592E-2
8.543006E1,-3.809340E-3,5.426435E-2
8.546338E1,1.992632E-2,5.446344E-2
8.549670E1,4.988412E-2,5.634020E-2
8.553002E1,7.062439E-2,5.853691E-2
8.556333E1,9.000847E-2,6.138981E-2
8.559665E1,1.057120E-1,6.401576E-2
8.562997E1,1.205093E-1,6.644549E-2
8.566329E1,1.332645E-1,6.882844E-2
8.569661E1,1.438088E-1,7.112725E-2
8.572993E1,1.463853E-1,7.156914E-2
8.576325E1,1.521286E-1,7.328216E-2
8.579657E1,1.514409E-1,7.353258E-2
8.582989E1,1.489586E-1,7.355454E-2
8.586321E1,1.394250E-1,7.094249E-2
8.589653E1,1.285019E-1,6.877241E-2
8.592984E1,1.155821E-1,6.622754E-2
8.596316E1,1.003633E-1,6.385960E-2
8.599648E1,8.248722E-2,6.139655E-2
8.602980E1,6.203202E-2,5.904814E-2
8.606312E1,3.927311E-2,5.669052E-2
8.609644E1,9.340043E-3,5.403388E-2
8.612976E1,-1.374419E-2,5.409377E-2
8.616308E1,-4.213263E-2,5.466690E-2
8.619640E1,-6.731260E-2,5.683681E-2
8.622972E1,-8.653464E-2,5.955301E-2
8.626303E1,-1.044679E-1,6.227885E-2
8.629635E1,-1.193800E-1,6.494898E-2
8.632967E1,-1.319456E-1,6.753984E-2
8.636299E1,-1.439309E-1,7.006353E-2
8.639631E1,-1.475130E-1,7.039558E-2
8.642963E1,-1.491910E-1,7.064913E-2
8.646295E1,-1.497025E-1,7.049309E-2
8.649627E1,-1.477221E-1,7.018664E-2
8.652959E1,-1.459476E-1,7.026674E-2
8.656291E1,-1.346601E-1,6.765668E-2
8.659623E1,-1.225121E-1,6.514680E-2
8.662954E1,-1.081234E-1,6.244675E-2
