t,x,y
2.667538E-1,2.942493E-1,4.925151E-2
3.000980E-1,2.796221E-1,3.346248E-2
3.334422E-1,2.584922E-1,1.307368E-2
3.667864E-1,2.298608E-1,-1.069769E-2
4.001307E-1,1.930444E-1,-3.886984E-2
4.334749E-1,1.482852E-1,-5.889369E-2
4.668191E-1,9.528086E-2,-8.127329E-2
5.001633E-1,3.403142E-2,-9.069628E-2
5.335076E-1,-2.015078E-2,-9.305203E-2
5.668518E-1,-7.079935E-2,-8.598479E-2
6.001960E-1,-1.261594E-1,-7.185030E-2
6.335402E-1,-1.768080E-1,-5.064857E-2
6.668844E-1,-2.156778E-1,-2.826897E-2
7.002287E-1,-2.415911E-1,-4.711495E-3
7.335729E-1,-2.698600E-1,1.766811E-2
7.669171E-1,-2.863503E-1,3.651409E-2
8.002613E-1,-2.933444E-1,5.068535E-2
8.336055E-1,-2.986700E-1,5.742652E-2
8.669498E-1,-2.984333E-1,5.645896E-2
9.002940E-1,-2.923170E-1,4.944866E-2
9.336382E-1,-2.801911E-1,3.601587E-2
9.669824E-1,-2.618216E-1,1.685009E-2
1.000327E0,-2.365321E-1,-6.128270E-3
1.033671E0,-2.054525E-1,-2.921332E-2
1.067015E0,-1.673370E-1,-5.351335E-2
1.100359E0,-1.210740E-1,-7.302076E-2
1.133704E0,-5.639615E-2,-8.866930E-2
1.167048E0,6.553615E-3,-9.362285E-2
1.200392E0,6.407533E-2,-8.593912E-2
1.233736E0,1.171989E-1,-7.603698E-2
1.267080E0,1.660606E-1,-5.672882E-2
1.300425E0,2.079027E-1,-3.411859E-2
1.333769E0,2.420928E-1,-9.909369E-3
1.367113E0,2.687715E-1,1.395010E-2
1.400457E0,2.882670E-1,3.487919E-2
1.433802E0,2.949202E-1,4.487420E-2
1.467146E0,3.005294E-1,5.235323E-2
1.500490E0,3.023992E-1,5.141835E-2
1.533834E0,2.967899E-1,4.674395E-2
1.567178E0,2.846365E-1,3.365565E-2
1.600523E0,2.678087E-1,1.589294E-2
1.633867E0,2.477565E-1,-9.729933E-4
1.667211E0,2.151535E-1,-2.589907E-2
1.700555E0,1.641799E-1,-5.434684E-2
1.733900E0,1.125326E-1,-7.403776E-2
1.767244E0,6.852749E-2,-8.523150E-2
1.800588E0,1.420146E-2,-9.160573E-2
1.833932E0,-5.462883E-2,-8.870291E-2
1.867276E0,-9.523108E-2,-7.969061E-2
1.900621E0,-1.510171E-1,-6.170202E-2
1.933965E0,-1.949565E-1,-4.113468E-2
1.967309E0,-2.296133E-1,-1.581353E-2
2.000653E0,-2.571235E-1,7.353907E-3
2.033998E0,-2.775538E-1,2.782705E-2
2.067342E0,-2.875095E-1,4.206956E-2
2.100686E0,-2.949885E-1,4.954859E-2
2.134030E0,-2.968583E-1,5.141835E-2
2.167374E0,-2.940536E-1,4.674395E-2
2.200719E0,-2.861038E-1,3.978206E-2
2.234063E0,-2.702856E-1,2.181549E-2
2.267407E0,-2.472570E-1,-4.990883E-4
2.300751E0,-2.168336E-1,-2.397072E-2
2.334096E0,-1.817944E-1,-4.439252E-2
2.367440E0,-1.364942E-1,-6.574085E-2
2.400784E0,-7.520895E-2,-8.409604E-2
2.434128E0,-1.957965E-2,-9.200197E-2
2.467472E0,2.410375E-2,-9.154456E-2
2.500817E0,7.407739E-2,-8.484897E-2
2.534161E0,1.270277E-1,-7.109412E-2
2.567505E0,1.735545E-1,-5.665678E-2
2.600849E0,2.089824E-1,-3.113241E-2
2.634194E0,2.416321E-1,-3.739516E-3
2.667538E0,2.628820E-1,1.465667E-2
2.700882E0,2.837016E-1,3.085101E-2
2.734226E0,2.905780E-1,4.032669E-2
2.767570E0,2.977248E-1,4.954859E-2
2.800915E0,2.907976E-1,4.065924E-2
2.834259E0,2.831969E-1,3.231721E-2
2.867603E0,2.686653E-1,1.831219E-2
2.900947E0,2.467697E-1,-9.502310E-4
2.934292E0,2.172517E-1,-2.302414E-2
2.967636E0,1.832890E-1,-4.347425E-2
3.000980E0,1.313163E-1,-7.105081E-2
3.034324E0,7.522359E-2,-8.694375E-2
3.067668E0,2.287036E-2,-9.068327E-2
3.101013E0,-3.602702E-2,-9.161815E-2
3.134357E0,-8.744537E-2,-8.226936E-2
3.167701E0,-1.332544E-1,-6.731129E-2
3.201045E0,-1.774027E-1,-4.195886E-2
3.234390E0,-2.114169E-1,-2.071791E-2
3.267734E0,-2.412260E-1,1.981634E-3
3.301078E0,-2.636927E-1,2.215053E-2
3.334422E0,-2.795165E-1,3.918573E-2
3.367766E0,-2.893792E-1,4.393932E-2
3.401111E0,-2.940536E-1,4.767883E-2
3.434455E0,-2.912490E-1,4.674395E-2
3.467799E0,-2.847048E-1,3.646028E-2
3.501143E0,-2.697048E-1,3.646028E-2
3.534488E0,-2.495241E-1,9.172694E-3
3.567832E0,-2.219418E-1,-1.396482E-2
3.601176E0,-1.845216E-1,-3.926050E-2
3.634520E0,-1.474524E-1,-5.860852E-2
3.667864E0,-1.009317E-1,-7.549878E-2
3.701209E0,-3.633624E-2,-8.866321E-2
3.734553E0,1.777323E-2,-9.112296E-2
3.767897E0,6.900119E-2,-8.521197E-2
3.801241E0,1.112521E-1,-7.703888E-2
3.834586E0,1.581227E-1,-5.853013E-2
3.867930E0,1.976041E-1,-3.642745E-2
3.901274E0,2.307827E-1,-1.609086E-2
3.934618E0,2.560341E-1,3.245833E-3
3.967962E0,2.730559E-1,1.890446E-2
4.001307E0,2.795044E-1,3.330011E-2
4.034651E0,2.930504E-1,4.019980E-2
4.067995E0,2.826120E-1,3.771146E-2
4.101339E0,2.763927E-1,3.011699E-2
4.134684E0,2.645659E-1,1.728846E-2
4.168028E0,2.457646E-1,-4.086185E-4
4.201372E0,2.201743E-1,-2.037889E-2
4.234716E0,1.845049E-1,-4.379852E-2
4.268060E0,1.406651E-1,-6.637641E-2
4.301405E0,9.205141E-2,-8.039960E-2
4.334749E0,3.315403E-2,-9.068327E-2
4.368093E0,-1.732944E-2,-9.068327E-2
4.401437E0,-7.342218E-2,-8.413912E-2
4.434782E0,-1.220359E-1,-7.292057E-2
4.468126E0,-1.687798E-1,-5.048347E-2
4.501470E0,-1.999942E-1,-3.460643E-2
4.534814E0,-2.260239E-1,-1.661555E-2
4.568158E0,-2.485743E-1,3.053308E-3
4.601503E0,-2.644862E-1,1.896687E-2
4.634847E0,-2.749768E-1,2.964896E-2
4.668191E0,-2.903141E-1,4.393932E-2
4.701535E0,-2.894557E-1,4.360940E-2
4.734880E0,-2.834272E-1,3.716756E-2
4.768224E0,-2.715127E-1,2.432063E-2
4.801568E0,-2.528334E-1,6.210591E-3
4.834912E0,-2.268966E-1,-1.483205E-2
4.868256E0,-1.910830E-1,-4.005986E-2
4.901601E0,-1.582703E-1,-5.717922E-2
4.934945E0,-1.143120E-1,-7.436553E-2
4.968289E0,-5.141857E-2,-8.808976E-2
5.001633E0,6.649186E-3,-8.975452E-2
5.034978E0,4.785723E-2,-8.942473E-2
5.068322E0,1.010415E-1,-7.882057E-2
5.101666E0,1.580535E-1,-5.927688E-2
5.135010E0,1.986256E-1,-3.750361E-2
5.168354E0,2.330046E-1,-1.572515E-2
5.201699E0,2.590612E-1,6.790950E-3
5.235043E0,2.783343E-1,2.562026E-2
5.268387E0,2.911882E-1,3.907930E-2
5.301731E0,2.977368E-1,4.646450E-2
5.335076E0,2.980417E-1,4.685386E-2
5.368420E0,2.916228E-1,4.013901E-2
5.401764E0,2.783684E-1,2.682527E-2
5.435108E0,2.583531E-1,8.132964E-3
5.468452E0,2.317040E-1,-1.389493E-2
5.501797E0,1.977601E-1,-3.621170E-2
5.535141E0,1.570980E-1,-5.764403E-2
5.568485E0,1.109831E-1,-7.484511E-2
5.601829E0,4.770344E-2,-8.975106E-2
5.635174E0,7.174012E-3,-9.339787E-2
5.668518E0,-5.928828E-2,-8.873883E-2
5.701862E0,-1.098825E-1,-7.572520E-2
5.735206E0,-1.575613E-1,-6.076714E-2
5.768550E0,-2.006273E-1,-3.815293E-2
5.801895E0,-2.220680E-1,-1.682782E-2
5.835239E0,-2.489805E-1,4.737752E-3
5.868583E0,-2.681957E-1,2.336563E-2
5.901927E0,-2.805374E-1,3.686358E-2
5.935272E0,-2.869582E-1,4.416594E-2
5.968616E0,-2.879800E-1,4.503272E-2
6.001960E0,-2.830357E-1,4.006875E-2
6.035304E0,-2.720315E-1,2.748765E-2
6.068648E0,-2.544207E-1,1.007174E-2
6.101993E0,-2.298828E-1,-1.044063E-2
6.135337E0,-1.987090E-1,-3.227361E-2
6.168681E0,-1.633469E-1,-5.214739E-2
6.202025E0,-1.196445E-1,-7.188431E-2
6.235370E0,-7.058531E-2,-8.254684E-2
6.268714E0,-1.872581E-2,-9.000932E-2
6.302058E0,4.801478E-2,-8.871414E-2
6.335402E0,8.796637E-2,-8.040123E-2
6.368746E0,1.378016E-1,-6.596667E-2
6.402091E0,1.808725E-1,-4.966267E-2
6.435435E0,2.134840E-1,-2.974696E-2
6.468779E0,2.412052E-1,-1.005165E-2
6.502123E0,2.603324E-1,6.885463E-3
6.535468E0,2.726476E-1,2.038559E-2
6.568812E0,2.902458E-1,3.926492E-2
6.602156E0,2.914059E-1,4.079542E-2
6.635500E0,2.862458E-1,3.507973E-2
6.668844E0,2.750878E-1,2.296361E-2
6.702189E0,2.566171E-1,5.767965E-3
6.735533E0,2.309251E-1,-1.479771E-2
6.768877E0,1.982883E-1,-3.581086E-2
6.802221E0,1.612011E-1,-5.599990E-2
6.835566E0,1.164471E-1,-7.259896E-2
6.868910E0,6.725898E-2,-8.526529E-2
6.902254E0,1.371450E-2,-9.057613E-2
6.935598E0,-5.123180E-2,-8.755086E-2
6.968942E0,-9.679416E-2,-7.946472E-2
7.002287E0,-1.344113E-1,-6.878104E-2
7.035631E0,-1.763435E-1,-4.940125E-2
7.068975E0,-2.081914E-1,-3.061905E-2
7.102319E0,-2.435702E-1,-2.804637E-3
7.135664E0,-2.631372E-1,1.543846E-2
7.169008E0,-2.765940E-1,2.950437E-2
7.202352E0,-2.839799E-1,3.791942E-2
7.235696E0,-2.853767E-1,3.963833E-2
7.269040E0,-2.811511E-1,3.477942E-2
7.302385E0,-2.713105E-1,2.370193E-2
7.335729E0,-2.552322E-1,7.604356E-3
7.369073E0,-2.321771E-1,-1.215064E-2
7.402417E0,-2.019812E-1,-3.308443E-2
7.435762E0,-1.672839E-1,-5.396907E-2
7.469106E0,-1.173859E-1,-7.477700E-2
7.502450E0,-7.891636E-2,-8.245235E-2
7.535794E0,-2.844550E-2,-9.051483E-2
7.569138E0,2.426134E-2,-9.173914E-2
7.602483E0,8.834037E-2,-8.220645E-2
7.635827E0,1.349986E-1,-6.747024E-2
7.669171E0,1.726480E-1,-5.226773E-2
7.702515E0,2.051135E-1,-3.385035E-2
7.735860E0,2.324590E-1,-1.403580E-2
7.769204E0,2.536264E-1,1.920862E-3
7.802548E0,2.752877E-1,2.524173E-2
7.835892E0,2.831755E-1,3.378538E-2
7.869236E0,2.852458E-1,3.566327E-2
7.902581E0,2.812045E-1,3.140679E-2
7.935925E0,2.707242E-1,2.096510E-2
7.969269E0,2.536347E-1,4.860432E-3
8.002613E0,2.297706E-1,-1.444539E-2
8.035958E0,1.985469E-1,-3.571586E-2
8.069302E0,1.616104E-1,-5.562414E-2
8.102646E0,1.144885E-1,-7.292057E-2
8.135990E0,6.120040E-2,-8.787863E-2
8.169334E0,8.847177E-3,-9.068327E-2
8.202679E0,-4.070141E-2,-9.068327E-2
8.236023E0,-9.398952E-2,-8.226936E-2
8.269367E0,-1.407335E-1,-6.544153E-2
8.302711E0,-1.837379E-1,-4.580907E-2
8.336055E0,-2.087526E-1,-2.915754E-2
8.369400E0,-2.338103E-1,-1.116609E-2
8.402744E0,-2.522872E-1,5.253762E-3
8.436088E0,-2.647818E-1,1.773305E-2
8.469432E0,-2.724025E-1,2.445615E-2
8.502777E0,-2.739218E-1,2.710669E-2
8.536121E0,-2.714694E-1,2.401827E-2
8.569465E0,-2.636735E-1,1.623991E-2
8.602809E0,-2.500202E-1,2.754085E-3
8.636153E0,-2.284040E-1,-1.426081E-2
8.669498E0,-1.991901E-1,-3.386641E-2
8.702842E0,-1.648399E-1,-5.316050E-2
8.736186E0,-1.257754E-1,-6.824617E-2
8.769530E0,-7.716170E-2,-8.507399E-2
8.802875E0,-2.387359E-2,-8.787863E-2
8.836219E0,3.221915E-2,-9.068327E-2
8.869563E0,7.443583E-2,-8.334989E-2
8.902907E0,1.312293E-1,-6.767534E-2
8.936251E0,1.675646E-1,-5.452744E-2
8.969596E0,2.079259E-1,-3.324638E-2
9.002940E0,2.376948E-1,-1.055920E-2
9.036284E0,2.593371E-1,7.923945E-3
9.069628E0,2.742843E-1,2.279855E-2
9.102973E0,2.818035E-1,3.179522E-2
9.136317E0,2.837876E-1,3.418120E-2
9.169661E0,2.799276E-1,3.041334E-2
9.203005E0,2.696777E-1,1.995079E-2
9.236349E0,2.529525E-1,3.700798E-3
9.269694E0,2.291542E-1,-1.558602E-2
9.303038E0,1.983424E-1,-3.582117E-2
9.336382E0,1.620970E-1,-5.542747E-2
9.369726E0,1.211551E-1,-7.235742E-2
9.403071E0,7.315952E-2,-8.369822E-2
9.436415E0,2.319753E-2,-9.132140E-2
9.469759E0,-3.976653E-2,-9.068327E-2
9.503103E0,-7.963580E-2,-8.175736E-2
9.536447E0,-1.270602E-1,-6.863817E-2
9.569792E0,-1.693722E-1,-5.276936E-2
9.603136E0,-2.009090E-1,-3.280867E-2
9.636480E0,-2.271323E-1,-1.460840E-2
9.669824E0,-2.475392E-1,5.271424E-4
9.703169E0,-2.608367E-1,1.277201E-2
9.736513E0,-2.680519E-1,2.065508E-2
9.769857E0,-2.694755E-1,2.395249E-2
9.803201E0,-2.668214E-1,2.128270E-2
9.836545E0,-2.596243E-1,1.341123E-2
9.869890E0,-2.460347E-1,-4.099326E-5
9.903234E0,-2.254087E-1,-1.557968E-2
9.936578E0,-1.973517E-1,-3.420959E-2
9.969922E0,-1.650403E-1,-5.422299E-2
1.000327E1,-1.211010E-1,-7.385545E-2
1.003661E1,-7.342218E-2,-8.694375E-2
1.006996E1,-2.667823E-2,-9.442279E-2
1.010330E1,2.474012E-2,-9.255303E-2
1.013664E1,7.522359E-2,-8.320424E-2
1.016999E1,1.210327E-1,-7.198569E-2
1.020333E1,1.678498E-1,-5.491809E-2
1.023668E1,2.040064E-1,-3.495671E-2
1.027002E1,2.336521E-1,-1.367941E-2
1.030336E1,2.559935E-1,4.051610E-3
1.033671E1,2.711507E-1,1.802920E-2
1.037005E1,2.796976E-1,2.671963E-2
1.040340E1,2.817928E-1,2.915886E-2
1.043674E1,2.777742E-1,2.537499E-2
1.047009E1,2.676956E-1,1.519122E-2
1.050343E1,2.500128E-1,5.997908E-4
1.053677E1,2.265472E-1,-1.751305E-2
1.057012E1,1.957363E-1,-3.709237E-2
1.060346E1,1.574929E-1,-5.796250E-2
1.063681E1,1.168760E-1,-7.254015E-2
1.067015E1,6.897710E-2,-8.473707E-2
1.070350E1,2.100544E-2,-9.064009E-2
1.073684E1,-3.236531E-2,-8.921103E-2
1.077018E1,-8.051688E-2,-8.286410E-2
1.080353E1,-1.269234E-1,-7.001473E-2
1.083687E1,-1.651213E-1,-5.533207E-2
1.087022E1,-1.966010E-1,-3.441678E-2
1.090356E1,-2.235066E-1,-1.739668E-2
1.093690E1,-2.440334E-1,-3.545826E-3
1.097025E1,-2.546738E-1,1.044793E-2
1.100359E1,-2.753561E-1,2.524173E-2
1.103694E1,-2.778397E-1,2.785389E-2
1.107028E1,-2.742092E-1,2.391010E-2
1.110363E1,-2.647086E-1,1.454434E-2
1.113697E1,-2.488786E-1,9.067741E-5
1.117031E1,-2.267851E-1,-1.723829E-2
1.120366E1,-1.979125E-1,-3.473328E-2
1.123700E1,-1.622357E-1,-5.609274E-2
1.127035E1,-1.229003E-1,-7.198546E-2
1.130369E1,-7.746838E-2,-8.361207E-2
1.133704E1,-1.803920E-2,-9.235782E-2
1.137038E1,3.116099E-2,-9.085197E-2
1.140372E1,8.178117E-2,-8.294995E-2
1.143707E1,1.179993E-1,-7.395593E-2
1.147041E1,1.593343E-1,-5.790739E-2
1.150376E1,1.931211E-1,-3.790084E-2
1.153710E1,2.211416E-1,-2.051907E-2
1.157045E1,2.425551E-1,-5.591482E-3
1.160379E1,2.557240E-1,6.840892E-3
1.163713E1,2.715482E-1,2.150222E-2
1.167048E1,2.742254E-1,2.390912E-2
1.170382E1,2.703044E-1,2.010401E-2
1.173717E1,2.602232E-1,1.017704E-2
1.177051E1,2.442278E-1,-3.280241E-3
1.180385E1,2.212748E-1,-2.012393E-2
1.183720E1,1.918412E-1,-4.114865E-2
1.187054E1,1.528186E-1,-5.889738E-2
1.190389E1,1.132156E-1,-7.320403E-2
1.193723E1,6.721347E-2,-8.456506E-2
1.197058E1,2.061413E-2,-9.151713E-2
1.200392E1,-3.311459E-2,-8.877213E-2
1.203726E1,-8.115302E-2,-8.216195E-2
1.207061E1,-1.270544E-1,-6.889020E-2
1.210395E1,-1.652470E-1,-5.509100E-2
1.213730E1,-1.956344E-1,-3.490840E-2
1.217064E1,-2.213904E-1,-1.843137E-2
1.220399E1,-2.414500E-1,-4.536292E-3
1.223733E1,-2.536649E-1,7.144580E-3
1.227067E1,-2.716165E-1,2.243710E-2
1.230402E1,-2.733965E-1,2.458591E-2
1.233736E1,-2.695348E-1,2.049898E-2
1.237071E1,-2.598973E-1,1.108263E-2
1.240405E1,-2.435691E-1,-3.000394E-3
1.243739E1,-2.214539E-1,-1.961461E-2
1.247074E1,-1.920054E-1,-3.948013E-2
1.250408E1,-1.584962E-1,-5.796250E-2
1.253743E1,-1.175129E-1,-7.366499E-2
1.257077E1,-7.340676E-2,-8.415399E-2
1.260412E1,-2.070674E-2,-9.122061E-2
1.263746E1,3.055939E-2,-9.075572E-2
1.267080E1,8.071700E-2,-8.301621E-2
1.270415E1,1.203406E-1,-7.127559E-2
1.273749E1,1.601699E-1,-5.757611E-2
1.277084E1,1.932743E-1,-3.792726E-2
1.280418E1,2.207784E-1,-2.188885E-2
1.283753E1,2.410170E-1,-6.783969E-3
1.287087E1,2.527129E-1,6.177235E-3
1.290421E1,2.696784E-1,1.776270E-2
1.293756E1,2.713336E-1,1.926464E-2
1.297090E1,2.671054E-1,1.475733E-2
1.300425E1,2.562622E-1,5.575275E-3
1.303759E1,2.401954E-1,-7.164355E-3
1.307094E1,2.162002E-1,-2.407863E-2
1.310428E1,1.859226E-1,-4.274994E-2
1.313762E1,1.462744E-1,-6.263690E-2
1.317097E1,1.078904E-1,-7.651106E-2
1.320431E1,6.383172E-2,-8.572084E-2
1.323766E1,1.386190E-2,-9.220511E-2
1.327100E1,-4.581452E-2,-8.910374E-2
1.330434E1,-9.404081E-2,-7.918881E-2
1.333769E1,-1.370897E-1,-6.561217E-2
1.337103E1,-1.656138E-1,-5.508617E-2
1.340438E1,-1.951147E-1,-3.490213E-2
1.343772E1,-2.211300E-1,-1.995966E-2
1.347107E1,-2.409511E-1,-6.500092E-3
1.350441E1,-2.527955E-1,4.573082E-3
1.353775E1,-2.706817E-1,1.963246E-2
1.357110E1,-2.719556E-1,2.100074E-2
1.360444E1,-2.678072E-1,1.711032E-2
1.363779E1,-2.575020E-1,6.888981E-3
1.367113E1,-2.404249E-1,-8.020154E-3
1.370448E1,-2.174101E-1,-2.509843E-2
1.373782E1,-1.877278E-1,-4.200735E-2
1.377116E1,-1.528869E-1,-5.983226E-2
1.380451E1,-1.054252E-1,-7.614045E-2
1.383785E1,-5.816747E-2,-8.732547E-2
1.387120E1,-2.015925E-2,-9.200684E-2
1.390454E1,3.015545E-2,-8.988117E-2
1.393788E1,8.059779E-2,-8.191419E-2
1.397123E1,1.336880E-1,-6.728690E-2
1.400457E1,1.626866E-1,-5.729899E-2
1.403792E1,1.943605E-1,-3.797888E-2
1.407126E1,2.206063E-1,-2.216719E-2
1.410461E1,2.390918E-1,-7.615146E-3
1.413795E1,2.584599E-1,1.121855E-2
1.417129E1,2.651904E-1,1.772318E-2
1.420464E1,2.664024E-1,1.849776E-2
1.423798E1,2.609318E-1,1.308103E-2
1.427133E1,2.475893E-1,1.195815E-3
1.430467E1,2.281567E-1,-1.436450E-2
1.433802E1,2.016753E-1,-3.252955E-2
1.437136E1,1.676444E-1,-5.090847E-2
1.440470E1,1.282766E-1,-6.790816E-2
1.443805E1,8.411671E-2,-8.114473E-2
1.447139E1,3.650894E-2,-8.907984E-2
1.450474E1,-1.248961E-2,-9.076853E-2
1.453808E1,-5.952390E-2,-8.645325E-2
1.457143E1,-1.047494E-1,-7.634635E-2
1.460477E1,-1.456476E-1,-6.190337E-2
1.463811E1,-1.810498E-1,-4.504126E-2
1.467146E1,-2.103187E-1,-2.730356E-2
1.470480E1,-2.330710E-1,-1.050816E-2
1.473815E1,-2.498367E-1,3.130964E-3
1.477149E1,-2.602861E-1,1.270961E-2
1.480483E1,-2.650109E-1,1.746579E-2
1.483818E1,-2.641332E-1,1.647068E-2
1.487152E1,-2.579065E-1,1.003299E-2
1.490487E1,-2.452577E-1,-1.302581E-3
1.493821E1,-2.267550E-1,-1.661464E-2
1.497156E1,-2.013581E-1,-3.385407E-2
1.500490E1,-1.696877E-1,-5.192922E-2
1.503824E1,-1.313832E-1,-6.872971E-2
1.507159E1,-8.809207E-2,-8.207497E-2
1.510493E1,-4.110817E-2,-8.984211E-2
1.513828E1,8.083284E-3,-9.225585E-2
1.517162E1,5.501772E-2,-8.845706E-2
1.520497E1,1.011176E-1,-7.852883E-2
1.523831E1,1.434209E-1,-6.446029E-2
1.527165E1,1.799350E-1,-4.684037E-2
1.530500E1,2.097806E-1,-2.872260E-2
1.533834E1,2.333595E-1,-1.204522E-2
1.537169E1,2.502871E-1,1.808771E-3
1.540503E1,2.609464E-1,1.160484E-2
1.543837E1,2.654087E-1,1.609482E-2
1.547172E1,2.640501E-1,1.435000E-2
1.550506E1,2.561578E-1,7.625642E-3
1.553841E1,2.424886E-1,-3.982540E-3
1.557175E1,2.221496E-1,-1.951283E-2
1.560510E1,1.950027E-1,-3.663598E-2
1.563844E1,1.603846E-1,-5.469568E-2
1.567178E1,1.205874E-1,-7.093954E-2
1.570513E1,7.518590E-2,-8.274714E-2
1.573847E1,2.791246E-2,-8.938967E-2
1.577182E1,-1.822659E-2,-9.067395E-2
1.580516E1,-6.509067E-2,-8.529619E-2
1.583851E1,-1.095789E-1,-7.490273E-2
1.587185E1,-1.495603E-1,-6.039499E-2
1.590519E1,-1.838507E-1,-4.311759E-2
1.593854E1,-2.117154E-1,-2.576283E-2
1.597188E1,-2.333170E-1,-1.001425E-2
1.600523E1,-2.487629E-1,2.996204E-3
1.603857E1,-2.581853E-1,1.159248E-2
1.607192E1,-2.622525E-1,1.523915E-2
1.610526E1,-2.606356E-1,1.345559E-2
1.613860E1,-2.528275E-1,6.143857E-3
1.617195E1,-2.391060E-1,-6.232618E-3
1.620529E1,-2.194128E-1,-2.098676E-2
1.623864E1,-1.932477E-1,-3.841640E-2
1.627198E1,-1.600156E-1,-5.588189E-2
1.630532E1,-1.212341E-1,-7.180370E-2
1.633867E1,-7.742933E-2,-8.392309E-2
1.637201E1,-3.049466E-2,-9.068302E-2
1.640536E1,1.724629E-2,-9.159668E-2
1.643870E1,6.304516E-2,-8.657027E-2
1.647205E1,1.076784E-1,-7.703951E-2
1.650539E1,1.486119E-1,-6.175878E-2
1.653873E1,1.835009E-1,-4.437468E-2
1.657208E1,2.126074E-1,-2.705299E-2
1.660542E1,2.347963E-1,-1.106035E-2
1.663877E1,2.502032E-1,1.646746E-3
1.667211E1,2.596551E-1,1.009153E-2
1.670546E1,2.630085E-1,1.302433E-2
1.673880E1,2.601778E-1,1.056753E-2
1.677214E1,2.514780E-1,2.730185E-3
1.680549E1,2.358810E-1,-9.488517E-3
1.683883E1,2.142293E-1,-2.514104E-2
1.687218E1,1.854832E-1,-4.255090E-2
1.690552E1,1.504220E-1,-5.937818E-2
1.693886E1,1.098225E-1,-7.419502E-2
1.697221E1,6.469855E-2,-8.479158E-2
1.700555E1,1.706743E-2,-8.974564E-2
1.703890E1,-3.041768E-2,-8.891857E-2
1.707224E1,-7.645615E-2,-8.222715E-2
1.710559E1,-1.187134E-1,-7.121422E-2
1.713893E1,-1.570194E-1,-5.678739E-2
1.717227E1,-1.895293E-1,-4.000441E-2
1.720562E1,-2.155457E-1,-2.349715E-2
1.723896E1,-2.353623E-1,-8.310493E-3
1.727231E1,-2.493482E-1,3.308805E-3
1.730565E1,-2.573065E-1,1.104900E-2
1.733900E1,-2.596348E-1,1.326604E-2
1.737234E1,-2.567911E-1,1.016615E-2
1.740568E1,-2.475455E-1,1.843932E-3
1.743903E1,-2.325996E-1,-1.082407E-2
1.747237E1,-2.117338E-1,-2.614594E-2
1.750572E1,-1.837189E-1,-4.358297E-2
1.753906E1,-1.497436E-1,-6.058708E-2
1.757240E1,-1.098458E-1,-7.544646E-2
1.760575E1,-6.603320E-2,-8.598137E-2
1.763909E1,-1.876985E-2,-9.118805E-2
1.767244E1,2.891764E-2,-9.095330E-2
1.770578E1,7.528730E-2,-8.451704E-2
1.773913E1,1.166100E-1,-7.374496E-2
1.777247E1,1.557650E-1,-5.890263E-2
1.780581E1,1.891794E-1,-4.181198E-2
1.783916E1,2.158744E-1,-2.471570E-2
1.787250E1,2.363386E-1,-9.778881E-3
1.790585E1,2.502836E-1,1.752664E-3
1.793919E1,2.582134E-1,8.743153E-3
1.797254E1,2.601823E-1,1.057314E-2
1.800588E1,2.562727E-1,6.715740E-3
1.803922E1,2.458554E-1,-1.892461E-3
1.807257E1,2.293155E-1,-1.522881E-2
1.810591E1,2.056067E-1,-3.101341E-2
1.813926E1,1.761728E-1,-4.809600E-2
1.817260E1,1.401517E-1,-6.425833E-2
1.820595E1,9.756586E-2,-7.765288E-2
1.823929E1,5.224431E-2,-8.675808E-2
1.827263E1,7.602711E-3,-9.060958E-2
1.830598E1,-3.911565E-2,-8.896771E-2
1.833932E1,-8.394316E-2,-8.151652E-2
1.837267E1,-1.250643E-1,-6.946546E-2
1.840601E1,-1.618748E-1,-5.464217E-2
1.843935E1,-1.933424E-1,-3.783325E-2
1.847270E1,-2.174952E-1,-2.180845E-2
1.850604E1,-2.360665E-1,-7.816027E-3
1.853939E1,-2.486158E-1,2.813107E-3
1.857273E1,-2.549774E-1,8.766279E-3
1.860608E1,-2.563499E-1,9.775318E-3
1.863942E1,-2.518399E-1,5.475128E-3
1.867276E1,-2.413011E-1,-3.967080E-3
1.870611E1,-2.252067E-1,-1.677024E-2
1.873945E1,-2.026540E-1,-3.260992E-2
1.877280E1,-1.735868E-1,-4.906406E-2
1.880614E1,-1.387733E-1,-6.473193E-2
1.883949E1,-9.805108E-2,-7.822501E-2
1.887283E1,-5.299356E-2,-8.730654E-2
1.890617E1,-5.289325E-3,-9.116426E-2
1.893952E1,4.095683E-2,-8.887222E-2
1.897286E1,8.422687E-2,-8.169220E-2
1.900621E1,1.262132E-1,-6.987026E-2
1.903955E1,1.631702E-1,-5.409394E-2
1.907289E1,1.948024E-1,-3.772820E-2
1.910624E1,2.198273E-1,-2.178210E-2
1.913958E1,2.384931E-1,-7.937961E-3
1.917293E1,2.505014E-1,2.091958E-3
1.920627E1,2.567767E-1,7.479437E-3
1.923962E1,2.566144E-1,7.516896E-3
1.927296E1,2.505954E-1,2.452504E-3
1.930630E1,2.383533E-1,-7.269367E-3
1.933965E1,2.200548E-1,-2.065962E-2
1.937299E1,1.951001E-1,-3.664219E-2
1.940634E1,1.631645E-1,-5.352010E-2
1.943968E1,1.252474E-1,-6.933129E-2
1.947303E1,8.298854E-2,-8.137564E-2
1.950637E1,3.789911E-2,-8.817619E-2
1.953971E1,-8.346291E-3,-8.951372E-2
1.957306E1,-5.274898E-2,-8.660601E-2
1.960640E1,-9.527936E-2,-7.851436E-2
1.963975E1,-1.351784E-1,-6.570447E-2
1.967309E1,-1.695086E-1,-5.077250E-2
1.970644E1,-1.983128E-1,-3.425763E-2
1.973978E1,-2.211383E-1,-1.887400E-2
1.977312E1,-2.376988E-1,-6.141604E-3
1.980647E1,-2.486283E-1,3.017992E-3
1.983981E1,-2.534137E-1,7.465923E-3
1.987316E1,-2.526456E-1,6.869570E-3
1.990650E1,-2.465705E-1,1.073529E-3
1.993984E1,-2.344647E-1,-9.248312E-3
1.997319E1,-2.161047E-1,-2.331593E-2
2.000653E1,-1.916013E-1,-3.878044E-2
2.003988E1,-1.611151E-1,-5.527244E-2
2.007322E1,-1.238649E-1,-7.044080E-2
2.010657E1,-8.241961E-2,-8.262634E-2
2.013991E1,-3.769591E-2,-8.978305E-2
2.017325E1,8.703956E-3,-9.131942E-2
2.020660E1,4.691072E-2,-8.830236E-2
2.023994E1,9.168793E-2,-8.008520E-2
2.027329E1,1.327654E-1,-6.758396E-2
2.030663E1,1.642918E-1,-5.453214E-2
2.033998E1,1.950202E-1,-3.752078E-2
2.037332E1,2.193472E-1,-2.179969E-2
2.040666E1,2.380289E-1,-7.580924E-3
2.044001E1,2.492969E-1,1.775178E-3
2.047335E1,2.546603E-1,6.942104E-3
2.050670E1,2.542670E-1,7.056022E-3
2.054004E1,2.479891E-1,1.651574E-3
2.057338E1,2.351705E-1,-8.721474E-3
2.060673E1,2.169049E-1,-2.215889E-2
2.064007E1,1.918498E-1,-3.744723E-2
2.067342E1,1.609549E-1,-5.442557E-2
2.070676E1,1.242836E-1,-6.966709E-2
2.074011E1,7.756127E-2,-8.215479E-2
2.077345E1,3.954806E-2,-8.790254E-2
2.080679E1,-1.630719E-2,-9.036339E-2
2.084014E1,-5.449665E-2,-8.596676E-2
2.087348E1,-9.874831E-2,-7.732169E-2
2.090683E1,-1.378741E-1,-6.451816E-2
2.094017E1,-1.713692E-1,-5.004505E-2
2.097352E1,-2.001658E-1,-3.478000E-2
2.100686E1,-2.252351E-1,-1.705027E-2
2.104020E1,-2.407925E-1,-5.130504E-3
2.107355E1,-2.506221E-1,3.078556E-3
2.110689E1,-2.548634E-1,7.315168E-3
2.114024E1,-2.537117E-1,6.017222E-3
2.117358E1,-2.463942E-1,-4.124046E-4
2.120693E1,-2.333019E-1,-1.110313E-2
2.124027E1,-2.140638E-1,-2.482605E-2
2.127361E1,-1.888946E-1,-3.993792E-2
2.130696E1,-1.580418E-1,-5.528390E-2
2.134030E1,-1.217389E-1,-6.969774E-2
2.137365E1,-7.836782E-2,-8.126548E-2
2.140699E1,-3.326032E-2,-8.796811E-2
2.144033E1,1.324436E-2,-8.941566E-2
2.147368E1,5.884605E-2,-8.665352E-2
2.150702E1,1.004057E-1,-7.738561E-2
2.154037E1,1.402153E-1,-6.446845E-2
2.157371E1,1.743518E-1,-5.123883E-2
2.160706E1,2.039489E-1,-3.478168E-2
2.164040E1,2.275077E-1,-1.946955E-2
2.167374E1,2.433691E-1,-7.148958E-3
2.170709E1,2.523131E-1,7.095864E-4
2.174043E1,2.554994E-1,3.610107E-3
2.177378E1,2.529498E-1,9.649621E-4
2.180712E1,2.449882E-1,-5.902085E-3
2.184047E1,2.295069E-1,-1.772708E-2
2.187381E1,2.081850E-1,-3.131643E-2
2.190715E1,1.804336E-1,-4.429977E-2
2.194050E1,1.472967E-1,-6.123732E-2
2.197384E1,1.091219E-1,-7.518210E-2
2.200719E1,6.671044E-2,-8.417827E-2
2.204053E1,2.325150E-2,-9.039387E-2
2.207387E1,-2.968335E-2,-8.980522E-2
2.210722E1,-6.991763E-2,-8.331837E-2
2.214056E1,-1.123082E-1,-7.263216E-2
2.217391E1,-1.496451E-1,-5.884147E-2
2.220725E1,-1.823795E-1,-4.320164E-2
2.224060E1,-2.087656E-1,-2.850709E-2
2.227394E1,-2.287615E-1,-1.457975E-2
2.230728E1,-2.426944E-1,-3.293561E-3
2.234063E1,-2.503957E-1,3.426150E-3
2.237397E1,-2.526885E-1,5.155484E-3
2.240732E1,-2.489223E-1,2.211889E-3
2.244066E1,-2.397280E-1,-5.671481E-3
2.247401E1,-2.246881E-1,-1.744332E-2
2.250735E1,-2.030635E-1,-3.119545E-2
2.254069E1,-1.764258E-1,-4.663419E-2
2.257404E1,-1.436038E-1,-6.193980E-2
2.260738E1,-1.057008E-1,-7.503996E-2
2.264073E1,-6.687803E-2,-8.413912E-2
2.267407E1,-2.387359E-2,-9.068327E-2
2.270742E1,2.581817E-2,-8.954062E-2
2.274076E1,7.509485E-2,-8.276254E-2
2.277410E1,1.137471E-1,-7.234230E-2
2.280745E1,1.513551E-1,-5.883186E-2
2.284079E1,1.856900E-1,-4.314378E-2
2.287414E1,2.111856E-1,-2.694274E-2
2.290748E1,2.305573E-1,-1.290632E-2
2.294082E1,2.440236E-1,-1.895558E-3
2.297417E1,2.504597E-1,3.542288E-3
2.300751E1,2.518257E-1,4.313136E-3
2.304086E1,2.472005E-1,4.405013E-4
2.307420E1,2.357697E-1,-8.452213E-3
2.310755E1,2.185033E-1,-2.166787E-2
2.314089E1,1.952690E-1,-3.641393E-2
2.317423E1,1.663991E-1,-5.348614E-2
2.320758E1,1.312047E-1,-6.712379E-2
2.324092E1,9.106930E-2,-7.871900E-2
2.327427E1,4.642880E-2,-8.690884E-2
2.330761E1,6.501919E-3,-8.960783E-2
2.334096E1,-4.375813E-2,-8.809876E-2
2.337430E1,-8.582834E-2,-8.019647E-2
2.340764E1,-1.249122E-1,-6.885014E-2
2.344099E1,-1.602007E-1,-5.564689E-2
2.347433E1,-1.894575E-1,-4.098331E-2
2.350768E1,-2.131283E-1,-2.644012E-2
2.354102E1,-2.311619E-1,-1.298213E-2
2.357436E1,-2.427388E-1,-3.979933E-3
2.360771E1,-2.480523E-1,6.673092E-4
2.364105E1,-2.477985E-1,6.638836E-4
2.367440E1,-2.423340E-1,-3.852663E-3
2.370774E1,-2.306764E-1,-1.299689E-2
2.374109E1,-2.138853E-1,-2.501772E-2
2.377443E1,-1.905580E-1,-3.940190E-2
2.380777E1,-1.614394E-1,-5.358023E-2
2.384112E1,-1.268567E-1,-6.790943E-2
2.387446E1,-8.931512E-2,-7.946472E-2
2.390781E1,-5.005020E-2,-8.507399E-2
2.394115E1,-1.436492E-3,-9.068327E-2
2.397450E1,4.437258E-2,-8.974839E-2
2.400784E1,8.828721E-2,-8.022469E-2
2.404118E1,1.283780E-1,-6.813858E-2
2.407453E1,1.643513E-1,-5.525355E-2
2.410787E1,1.950025E-1,-4.022933E-2
2.414122E1,2.185391E-1,-2.526810E-2
2.417456E1,2.359265E-1,-1.228298E-2
2.420791E1,2.467108E-1,-4.300001E-3
2.424125E1,2.506942E-1,-5.837998E-4
2.427459E1,2.491222E-1,-1.789407E-3
2.430794E1,2.419516E-1,-7.397110E-3
2.434128E1,2.277964E-1,-1.755328E-2
2.437463E1,2.081584E-1,-3.104063E-2
2.440797E1,1.822561E-1,-4.436721E-2
2.444131E1,1.505068E-1,-5.917767E-2
2.447466E1,1.135577E-1,-7.232883E-2
2.450800E1,7.344784E-2,-8.289796E-2
2.454135E1,2.471592E-2,-8.989728E-2
2.457469E1,-1.947624E-2,-9.063268E-2
2.460804E1,-6.010383E-2,-8.571581E-2
2.464138E1,-1.020899E-1,-7.669630E-2
2.467472E1,-1.388484E-1,-6.426059E-2
2.470807E1,-1.710197E-1,-5.082013E-2
2.474141E1,-1.978374E-1,-3.630260E-2
2.477476E1,-2.167645E-1,-2.383481E-2
2.480810E1,-2.300680E-1,-1.416198E-2
2.484145E1,-2.374390E-1,-7.254683E-3
2.487479E1,-2.395420E-1,-4.426282E-3
2.490813E1,-2.379813E-1,-5.992008E-3
2.494148E1,-2.320567E-1,-1.119935E-2
2.497482E1,-2.200476E-1,-2.050255E-2
2.500817E1,-2.014237E-1,-3.261497E-2
2.504151E1,-1.763769E-1,-4.557294E-2
2.507485E1,-1.458801E-1,-6.060394E-2
2.510820E1,-1.098475E-1,-7.391961E-2
2.514154E1,-6.859510E-2,-8.331366E-2
2.517489E1,-2.100564E-2,-9.033244E-2
2.520823E1,2.338624E-2,-9.033326E-2
2.524158E1,6.528124E-2,-8.419274E-2
2.527492E1,1.054810E-1,-7.583253E-2
2.530826E1,1.432638E-1,-6.278803E-2
2.534161E1,1.756397E-1,-5.063810E-2
2.537495E1,2.034917E-1,-3.515113E-2
2.540830E1,2.242615E-1,-2.113917E-2
2.544164E1,2.386066E-1,-1.039976E-2
2.547499E1,2.463628E-1,-4.452035E-3
2.550833E1,2.484260E-1,-2.720292E-3
2.554167E1,2.443437E-1,-5.682187E-3
2.557502E1,2.341537E-1,-1.377327E-2
2.560836E1,2.169063E-1,-2.448937E-2
2.564171E1,1.949241E-1,-3.847655E-2
2.567505E1,1.666005E-1,-5.299028E-2
2.570840E1,1.328617E-1,-6.643180E-2
2.574174E1,9.463582E-2,-7.813785E-2
2.577508E1,5.186730E-2,-8.625041E-2
2.580843E1,7.100739E-3,-8.984861E-2
2.584177E1,-3.777664E-2,-8.746483E-2
2.587512E1,-7.887146E-2,-8.081007E-2
2.590846E1,-1.181932E-1,-7.022806E-2
2.594180E1,-1.532084E-1,-5.797392E-2
2.597515E1,-1.842756E-1,-4.234790E-2
2.600849E1,-2.083791E-1,-2.852238E-2
2.604184E1,-2.264681E-1,-1.582557E-2
2.607518E1,-2.385767E-1,-6.588737E-3
2.610853E1,-2.444281E-1,-1.692883E-3
2.614187E1,-2.451480E-1,-1.285033E-3
2.617521E1,-2.400928E-1,-5.394986E-3
2.620856E1,-2.291882E-1,-1.363461E-2
2.624190E1,-2.121403E-1,-2.599039E-2
2.627525E1,-1.894865E-1,-3.966344E-2
2.630859E1,-1.620244E-1,-5.347126E-2
2.634194E1,-1.282837E-1,-6.761456E-2
2.637528E1,-9.053422E-2,-7.868687E-2
2.640862E1,-4.875729E-2,-8.717156E-2
2.644197E1,-5.176009E-3,-9.068327E-2
2.647531E1,3.918031E-2,-8.791352E-2
2.650866E1,8.222797E-2,-8.101287E-2
2.654200E1,1.218580E-1,-7.067267E-2
2.657534E1,1.571109E-1,-5.767982E-2
2.660869E1,1.876651E-1,-4.125295E-2
2.664203E1,2.108566E-1,-2.657595E-2
2.667538E1,2.283698E-1,-1.445092E-2
2.670872E1,2.398937E-1,-5.611581E-3
2.674207E1,2.441140E-1,-1.594615E-3
2.677541E1,2.437633E-1,-1.535657E-3
2.680875E1,2.372807E-1,-6.952262E-3
2.684210E1,2.239857E-1,-1.697900E-2
2.687544E1,2.045162E-1,-3.028891E-2
2.690879E1,1.800866E-1,-4.411968E-2
2.694213E1,1.492434E-1,-5.929461E-2
2.697548E1,1.136041E-1,-7.255110E-2
2.700882E1,7.411887E-2,-8.318072E-2
2.704216E1,3.034940E-2,-8.974839E-2
2.707551E1,-1.719191E-2,-9.041999E-2
2.710885E1,-5.641845E-2,-8.583310E-2
2.714220E1,-9.687002E-2,-7.782286E-2
2.717554E1,-1.341493E-1,-6.633842E-2
2.720889E1,-1.669793E-1,-5.293375E-2
2.724223E1,-1.942427E-1,-3.825800E-2
2.727557E1,-2.154616E-1,-2.453803E-2
2.730892E1,-2.305734E-1,-1.339612E-2
2.734226E1,-2.393137E-1,-6.489360E-3
2.737561E1,-2.430938E-1,-3.532967E-3
2.740895E1,-2.411044E-1,-4.830366E-3
2.744229E1,-2.331575E-1,-1.101349E-2
2.747564E1,-2.193823E-1,-2.134424E-2
2.750898E1,-1.999618E-1,-3.378862E-2
2.754233E1,-1.749371E-1,-4.776558E-2
2.757567E1,-1.447967E-1,-6.119187E-2
2.760902E1,-1.090529E-1,-7.370904E-2
2.764236E1,-6.889393E-2,-8.294086E-2
2.767570E1,-2.705144E-2,-8.907303E-2
2.770905E1,1.803322E-2,-9.039173E-2
2.774239E1,6.364734E-2,-8.431072E-2
2.777574E1,1.018588E-1,-7.652548E-2
2.780908E1,1.393946E-1,-6.485308E-2
2.784243E1,1.712282E-1,-5.245545E-2
2.787577E1,1.984849E-1,-3.739530E-2
2.790911E1,2.192631E-1,-2.452035E-2
2.794246E1,2.338681E-1,-1.397067E-2
2.797580E1,2.419538E-1,-7.437875E-3
2.800915E1,2.436162E-1,-5.770912E-3
2.804249E1,2.399972E-1,-8.687276E-3
2.807583E1,2.298459E-1,-1.639654E-2
2.810918E1,2.133016E-1,-2.713597E-2
2.814252E1,1.911657E-1,-4.038359E-2
2.817587E1,1.631923E-1,-5.378513E-2
2.820921E1,1.308457E-1,-6.784288E-2
2.824256E1,9.281273E-2,-7.854814E-2
2.827590E1,5.137070E-2,-8.670024E-2
2.830924E1,6.895113E-3,-8.956345E-2
2.834259E1,-3.496680E-2,-8.817538E-2
2.837593E1,-7.698567E-2,-8.148177E-2
2.840928E1,-1.150340E-1,-7.240767E-2
2.844262E1,-1.487657E-1,-5.891679E-2
2.847597E1,-1.784932E-1,-4.666601E-2
2.850931E1,-2.023352E-1,-3.310342E-2
2.854265E1,-2.206369E-1,-2.058166E-2
2.857600E1,-2.327916E-1,-1.155008E-2
2.860934E1,-2.390379E-1,-6.234324E-3
2.864269E1,-2.396468E-1,-5.549290E-3
2.867603E1,-2.343055E-1,-9.310668E-3
2.870938E1,-2.233637E-1,-1.769046E-2
2.874272E1,-2.068715E-1,-2.867355E-2
2.877606E1,-1.851338E-1,-4.113636E-2
2.880941E1,-1.577161E-1,-5.547825E-2
2.884275E1,-1.250187E-1,-6.849286E-2
2.887610E1,-8.760861E-2,-7.979917E-2
2.890944E1,-4.621991E-2,-8.659661E-2
2.894278E1,-4.241130E-3,-9.161815E-2
2.897613E1,3.939240E-2,-8.816364E-2
2.900947E1,8.131736E-2,-8.145672E-2
2.904282E1,1.199263E-1,-7.094166E-2
2.907616E1,1.548949E-1,-5.760012E-2
2.910951E1,1.845200E-1,-4.303597E-2
2.914285E1,2.069830E-1,-2.924767E-2
2.917619E1,2.239798E-1,-1.744042E-2
2.920954E1,2.348015E-1,-9.157179E-3
2.924288E1,2.395812E-1,-5.612634E-3
2.927623E1,2.381251E-1,-6.638865E-3
2.930957E1,2.311354E-1,-1.185920E-2
2.934292E1,2.182581E-1,-2.133144E-2
2.937626E1,1.988907E-1,-3.409023E-2
2.940960E1,1.747663E-1,-4.753820E-2
2.944295E1,1.444892E-1,-6.146377E-2
2.947629E1,1.096138E-1,-7.384349E-2
2.950964E1,7.126483E-2,-8.359159E-2
2.954298E1,2.609187E-2,-8.956760E-2
2.957632E1,-1.755509E-2,-9.035383E-2
2.960967E1,-5.811008E-2,-8.582612E-2
2.964301E1,-9.759127E-2,-7.774367E-2
2.967636E1,-1.338846E-1,-6.595851E-2
2.970970E1,-1.663570E-1,-5.278703E-2
2.974305E1,-1.924005E-1,-3.942317E-2
2.977639E1,-2.126761E-1,-2.640902E-2
2.980973E1,-2.274253E-1,-1.583125E-2
2.984308E1,-2.359432E-1,-9.157208E-3
2.987642E1,-2.391778E-1,-6.712164E-3
2.990977E1,-2.366261E-1,-8.841709E-3
2.994311E1,-2.286065E-1,-1.457942E-2
2.997646E1,-2.145097E-1,-2.463939E-2
3.000980E1,-1.945363E-1,-3.676666E-2
3.004314E1,-1.691037E-1,-5.042581E-2
3.007649E1,-1.391883E-1,-6.376170E-2
3.010983E1,-1.042453E-1,-7.500778E-2
3.014318E1,-6.542930E-2,-8.423499E-2
3.017652E1,-2.072075E-2,-8.984646E-2
3.020987E1,2.366156E-2,-9.063917E-2
3.024321E1,6.547769E-2,-8.468472E-2
3.027655E1,1.035258E-1,-7.642693E-2
3.030990E1,1.399986E-1,-6.461137E-2
3.034324E1,1.711285E-1,-5.290338E-2
3.037659E1,1.973168E-1,-3.862147E-2
3.040993E1,2.172495E-1,-2.613877E-2
3.044327E1,2.312512E-1,-1.611413E-2
3.047662E1,2.390552E-1,-9.647705E-3
3.050996E1,2.408132E-1,-8.909639E-3
3.054331E1,2.356238E-1,-1.243439E-2
3.057665E1,2.246106E-1,-2.018414E-2
3.061000E1,2.077326E-1,-3.135356E-2
3.064334E1,1.848206E-1,-4.330998E-2
3.067668E1,1.573907E-1,-5.738809E-2
3.071003E1,1.244447E-1,-7.049790E-2
3.074337E1,8.671828E-2,-8.012403E-2
3.077672E1,4.560709E-2,-8.693953E-2
3.081006E1,6.183962E-3,-8.971137E-2
3.084341E1,-3.896960E-2,-8.754593E-2
3.087675E1,-7.888043E-2,-8.071377E-2
3.091009E1,-1.164035E-1,-7.107005E-2
3.094344E1,-1.495664E-1,-5.867719E-2
3.097678E1,-1.777859E-1,-4.448795E-2
3.101013E1,-2.001192E-1,-3.117945E-2
3.104347E1,-2.174321E-1,-1.947375E-2
3.107681E1,-2.287483E-1,-1.124473E-2
3.111016E1,-2.339498E-1,-7.451796E-3
3.114350E1,-2.339192E-1,-7.526518E-3
3.117685E1,-2.286941E-1,-1.155319E-2
3.121019E1,-2.177335E-1,-1.949324E-2
3.124354E1,-2.003776E-1,-3.113248E-2
3.127688E1,-1.786204E-1,-4.400181E-2
3.131022E1,-1.509249E-1,-5.858951E-2
3.134357E1,-1.183997E-1,-7.140542E-2
3.137691E1,-7.999421E-2,-8.085038E-2
3.141026E1,-3.970474E-2,-8.793355E-2
3.144360E1,6.410744E-3,-8.993088E-2
3.147695E1,4.236261E-2,-8.756257E-2
3.151029E1,8.585162E-2,-8.027593E-2
3.154363E1,1.232079E-1,-6.958622E-2
3.157698E1,1.566433E-1,-5.636716E-2
3.161032E1,1.849304E-1,-4.278666E-2
3.164367E1,2.061510E-1,-2.975253E-2
3.167701E1,2.220165E-1,-1.897316E-2
3.171036E1,2.322468E-1,-1.150321E-2
3.174370E1,2.356071E-1,-8.842136E-3
3.177704E1,2.337580E-1,-9.975194E-3
3.181039E1,2.260146E-1,-1.630746E-2
3.184373E1,2.120104E-1,-2.606575E-2
3.187708E1,1.922622E-1,-3.853026E-2
3.191042E1,1.670259E-1,-5.233396E-2
3.194376E1,1.369953E-1,-6.453675E-2
3.197711E1,1.014894E-1,-7.688265E-2
3.201045E1,6.317159E-2,-8.458881E-2
3.204380E1,2.249216E-2,-8.952057E-2
3.207714E1,-2.076268E-2,-8.968873E-2
3.211049E1,-6.167660E-2,-8.525764E-2
3.214383E1,-1.004371E-1,-7.632470E-2
3.217717E1,-1.350461E-1,-6.552364E-2
3.221052E1,-1.659478E-1,-5.321627E-2
3.224386E1,-1.907584E-1,-3.980601E-2
3.227721E1,-2.106052E-1,-2.724203E-2
3.231055E1,-2.241615E-1,-1.775974E-2
3.234390E1,-2.316579E-1,-1.244536E-2
3.237724E1,-2.334862E-1,-1.101286E-2
3.241058E1,-2.298054E-1,-1.368720E-2
3.244393E1,-2.207569E-1,-2.027686E-2
3.247727E1,-2.061160E-1,-2.999719E-2
3.251062E1,-1.863971E-1,-4.148757E-2
3.254396E1,-1.611679E-1,-5.464044E-2
3.257730E1,-1.305781E-1,-6.684801E-2
3.261065E1,-9.575091E-2,-7.748078E-2
3.264399E1,-5.648195E-2,-8.568316E-2
3.267734E1,-1.656949E-2,-8.978274E-2
3.271068E1,2.639108E-2,-8.915005E-2
3.274403E1,6.737022E-2,-8.409157E-2
3.277737E1,1.063176E-1,-7.607186E-2
3.281071E1,1.415671E-1,-6.458998E-2
3.284406E1,1.711183E-1,-5.281123E-2
3.287740E1,1.957215E-1,-3.959939E-2
3.291075E1,2.143528E-1,-2.783322E-2
3.294409E1,2.260654E-1,-1.965556E-2
3.297744E1,2.318451E-1,-1.566963E-2
3.301078E1,2.324451E-1,-1.494186E-2
3.304412E1,2.273729E-1,-1.866067E-2
3.307747E1,2.158559E-1,-2.625260E-2
3.311081E1,1.987598E-1,-3.711711E-2
3.314416E1,1.757792E-1,-4.904908E-2
3.317750E1,1.472833E-1,-6.107959E-2
3.321085E1,1.137172E-1,-7.253265E-2
3.324419E1,7.538635E-2,-8.271086E-2
3.327753E1,3.694227E-2,-8.846552E-2
3.331088E1,-8.915525E-3,-9.068327E-2
3.334422E1,-4.570921E-2,-8.737200E-2
3.337757E1,-8.482559E-2,-8.034084E-2
3.341091E1,-1.204884E-1,-7.114866E-2
3.344425E1,-1.520466E-1,-5.928941E-2
3.347760E1,-1.783283E-1,-4.731503E-2
3.351094E1,-1.985019E-1,-3.598445E-2
3.354429E1,-2.120130E-1,-2.665401E-2
3.357763E1,-2.203059E-1,-1.978294E-2
3.361098E1,-2.233266E-1,-1.682965E-2
3.364432E1,-2.236256E-1,-1.760905E-2
3.367766E1,-2.185855E-1,-2.181181E-2
3.371101E1,-2.081280E-1,-2.893098E-2
3.374435E1,-1.913853E-1,-3.941546E-2
3.377770E1,-1.687672E-1,-5.132876E-2
3.381104E1,-1.406132E-1,-6.333200E-2
3.384439E1,-1.074738E-1,-7.425269E-2
3.387773E1,-6.976317E-2,-8.334345E-2
3.391107E1,-3.026790E-2,-8.960151E-2
3.394442E1,1.202273E-2,-8.962772E-2
3.397776E1,5.222513E-2,-8.704027E-2
3.401111E1,9.119205E-2,-7.930821E-2
3.404445E1,1.280070E-1,-6.951028E-2
3.407779E1,1.556232E-1,-5.983226E-2
3.411114E1,1.817998E-1,-4.580907E-2
3.414448E1,2.033020E-1,-3.365565E-2
3.417783E1,2.195524E-1,-2.301217E-2
3.421117E1,2.292666E-1,-1.593250E-2
3.424452E1,2.323638E-1,-1.384417E-2
3.427786E1,2.289062E-1,-1.585029E-2
3.431120E1,2.180647E-1,-2.183891E-2
3.434455E1,2.021518E-1,-3.213248E-2
3.437789E1,1.811791E-1,-4.377247E-2
3.441124E1,1.556286E-1,-5.651506E-2
3.444458E1,1.245687E-1,-7.017732E-2
3.447793E1,8.892098E-2,-7.927999E-2
3.451127E1,4.933595E-2,-8.605549E-2
3.454461E1,-4.757148E-3,-9.025162E-2
3.457796E1,-3.976653E-2,-8.974839E-2
3.461130E1,-7.901400E-2,-8.188815E-2
3.464465E1,-1.143699E-1,-7.435145E-2
3.467799E1,-1.459919E-1,-6.275401E-2
3.471134E1,-1.734380E-1,-5.082241E-2
3.474468E1,-1.963711E-1,-3.759046E-2
3.477802E1,-2.131169E-1,-2.689525E-2
3.481137E1,-2.247359E-1,-1.858959E-2
3.484471E1,-2.313912E-1,-1.336125E-2
3.487806E1,-2.323089E-1,-1.250257E-2
3.491140E1,-2.273073E-1,-1.609756E-2
3.494474E1,-2.173592E-1,-2.356688E-2
3.497809E1,-2.017561E-1,-3.400878E-2
3.501143E1,-1.803779E-1,-4.689374E-2
3.504478E1,-1.540482E-1,-5.953176E-2
3.507812E1,-1.229548E-1,-7.137078E-2
3.511147E1,-8.750839E-2,-8.154150E-2
3.514481E1,-4.833668E-2,-8.853512E-2
3.517815E1,-1.210874E-2,-8.989784E-2
3.521150E1,3.146140E-2,-8.844111E-2
3.524484E1,6.927306E-2,-8.313881E-2
3.527819E1,1.040081E-1,-7.715204E-2
3.531153E1,1.356308E-1,-6.570407E-2
3.534488E1,1.636865E-1,-5.600024E-2
3.537822E1,1.823469E-1,-3.815353E-2
3.541156E1,1.980763E-1,-2.957236E-2
3.544491E1,2.075342E-1,-2.291674E-2
3.547825E1,2.229345E-1,-1.869758E-2
3.551160E1,2.216737E-1,-1.974958E-2
3.554494E1,2.163038E-1,-2.407412E-2
3.557828E1,2.048022E-1,-3.111402E-2
3.561163E1,1.869009E-1,-4.180239E-2
3.564497E1,1.632735E-1,-5.395468E-2
3.567832E1,1.339939E-1,-6.569217E-2
3.571166E1,1.002012E-1,-7.641110E-2
3.574501E1,6.343871E-2,-8.426624E-2
3.577835E1,2.100061E-2,-9.068327E-2
3.581169E1,-1.143687E-2,-8.920692E-2
3.584504E1,-5.750569E-2,-8.509508E-2
3.587838E1,-9.448504E-2,-7.719843E-2
3.591173E1,-1.273535E-1,-6.685948E-2
3.594507E1,-1.561292E-1,-5.488860E-2
3.597842E1,-1.798561E-1,-4.296922E-2
3.601176E1,-1.972161E-1,-3.274971E-2
3.604510E1,-2.106934E-1,-2.491735E-2
3.607845E1,-2.198585E-1,-1.811638E-2
3.611179E1,-2.227259E-1,-1.624525E-2
3.614514E1,-2.199065E-1,-1.843605E-2
3.617848E1,-2.119186E-1,-2.480566E-2
3.621183E1,-1.989523E-1,-3.300934E-2
3.624517E1,-1.803866E-1,-4.326546E-2
3.627851E1,-1.562256E-1,-5.564741E-2
3.631186E1,-1.264331E-1,-6.804130E-2
3.634520E1,-9.200330E-2,-7.859440E-2
3.637855E1,-5.465353E-2,-8.580272E-2
3.641189E1,-1.625792E-2,-8.967316E-2
3.644523E1,3.030742E-2,-8.977575E-2
3.647858E1,6.852084E-2,-8.448019E-2
3.651192E1,1.054075E-1,-7.507265E-2
3.654527E1,1.391198E-1,-6.471418E-2
3.657861E1,1.686335E-1,-5.360307E-2
3.661196E1,1.914839E-1,-3.842254E-2
3.664530E1,2.103850E-1,-2.864427E-2
3.667864E1,2.235271E-1,-2.062522E-2
3.671199E1,2.290553E-1,-1.448039E-2
3.674533E1,2.295435E-1,-1.411363E-2
3.677868E1,2.248725E-1,-1.940257E-2
3.681202E1,2.118125E-1,-2.599269E-2
3.684537E1,1.934578E-1,-3.672708E-2
3.687871E1,1.702849E-1,-4.928714E-2
3.691205E1,1.426306E-1,-6.122611E-2
3.694540E1,1.104624E-1,-7.303570E-2
3.697874E1,7.395250E-2,-8.344883E-2
3.701209E1,3.686875E-2,-8.797710E-2
3.704543E1,-7.698692E-3,-8.841433E-2
3.707877E1,-4.631069E-2,-8.694375E-2
3.711212E1,-8.392313E-2,-7.972045E-2
3.714546E1,-1.183124E-1,-6.947698E-2
3.717881E1,-1.492669E-1,-5.812106E-2
3.721215E1,-1.757523E-1,-4.483741E-2
3.724550E1,-1.962073E-1,-3.314221E-2
3.727884E1,-2.109743E-1,-2.377786E-2
3.731218E1,-2.204793E-1,-1.688132E-2
3.734553E1,-2.245613E-1,-1.382123E-2
3.737887E1,-2.236410E-1,-1.452308E-2
3.741222E1,-2.169500E-1,-1.909238E-2
3.744556E1,-2.050801E-1,-2.694546E-2
3.747891E1,-1.875858E-1,-3.749307E-2
3.751225E1,-1.652229E-1,-5.012556E-2
3.754559E1,-1.376536E-1,-6.210525E-2
3.757894E1,-1.055402E-1,-7.291368E-2
3.761228E1,-6.741048E-2,-8.204207E-2
3.764563E1,-3.165085E-2,-8.738105E-2
3.767897E1,7.972202E-3,-9.009812E-2
3.771232E1,4.693279E-2,-8.826297E-2
3.774566E1,8.172419E-2,-8.172483E-2
3.777900E1,1.162397E-1,-7.353674E-2
3.781235E1,1.446817E-1,-6.133049E-2
3.784569E1,1.709939E-1,-5.253011E-2
3.787904E1,1.871987E-1,-3.804795E-2
3.791238E1,2.004059E-1,-3.127006E-2
3.794572E1,2.191950E-1,-2.337198E-2
3.797907E1,2.208794E-1,-2.190417E-2
3.801241E1,2.184857E-1,-2.363321E-2
3.804576E1,2.095742E-1,-2.895138E-2
3.807910E1,1.947447E-1,-3.749086E-2
3.811245E1,1.750739E-1,-4.741378E-2
3.814579E1,1.491354E-1,-5.939971E-2
3.817913E1,1.182810E-1,-7.116905E-2
3.821248E1,8.432951E-2,-8.022166E-2
3.824582E1,4.063307E-2,-8.881351E-2
3.827917E1,-3.359718E-3,-9.021217E-2
3.831251E1,-3.696190E-2,-8.881351E-2
3.834586E1,-7.248730E-2,-8.320424E-2
3.837920E1,-1.069840E-1,-7.436018E-2
3.841254E1,-1.372105E-1,-6.452315E-2
3.844589E1,-1.616233E-1,-5.430920E-2
3.847923E1,-1.841842E-1,-4.461932E-2
3.851258E1,-1.995808E-1,-3.680019E-2
3.854592E1,-2.099089E-1,-3.033607E-2
3.857926E1,-2.125970E-1,-2.370005E-2
3.861261E1,-2.126224E-1,-2.308594E-2
3.864595E1,-2.085662E-1,-2.578306E-2
3.867930E1,-1.983785E-1,-3.080232E-2
3.871264E1,-1.834143E-1,-4.048291E-2
3.874599E1,-1.646193E-1,-5.198695E-2
3.877933E1,-1.389713E-1,-6.257147E-2
3.881267E1,-1.081329E-1,-7.367521E-2
3.884602E1,-7.539917E-2,-8.210820E-2
3.887936E1,-3.522535E-2,-8.912573E-2
3.891271E1,6.608316E-3,-8.958259E-2
3.894605E1,4.572490E-2,-8.779721E-2
3.897940E1,8.570057E-2,-8.010934E-2
3.901274E1,1.215556E-1,-7.190357E-2
3.904608E1,1.531555E-1,-6.107104E-2
3.907943E1,1.631022E-1,-5.328811E-2
3.911277E1,1.902137E-1,-4.206956E-2
3.914612E1,2.038123E-1,-3.375812E-2
3.917946E1,2.117692E-1,-2.814050E-2
3.921281E1,2.169008E-1,-2.535208E-2
3.924615E1,2.165748E-1,-2.553001E-2
3.927949E1,2.090223E-1,-3.020880E-2
3.931284E1,1.970194E-1,-3.677640E-2
3.934618E1,1.792580E-1,-4.589504E-2
3.937953E1,1.551328E-1,-5.799512E-2
3.941287E1,1.261125E-1,-7.029573E-2
3.944621E1,9.138509E-2,-7.842243E-2
3.947956E1,5.510946E-2,-8.690706E-2
3.951290E1,1.487045E-2,-8.914044E-2
3.954625E1,-2.071863E-2,-8.917307E-2
3.957959E1,-5.900850E-2,-8.504842E-2
3.961294E1,-9.545085E-2,-7.733949E-2
3.964628E1,-1.267771E-1,-6.786570E-2
3.967962E1,-1.539273E-1,-5.725413E-2
3.971297E1,-1.773689E-1,-4.777263E-2
3.974631E1,-1.932596E-1,-3.668990E-2
3.977966E1,-2.058900E-1,-3.056300E-2
3.981300E1,-2.126212E-1,-2.659964E-2
3.984635E1,-2.136908E-1,-2.558721E-2
3.987969E1,-2.109615E-1,-2.702795E-2
3.991303E1,-2.038797E-1,-3.198709E-2
3.994638E1,-1.902762E-1,-4.037057E-2
3.997972E1,-1.715537E-1,-5.018161E-2
4.001307E1,-1.470107E-1,-6.077657E-2
4.004641E1,-1.180579E-1,-7.151607E-2
4.007975E1,-8.415211E-2,-8.064758E-2
4.011310E1,-4.692221E-2,-8.772364E-2
4.014644E1,-1.140243E-2,-9.129168E-2
4.017979E1,3.088993E-2,-8.942901E-2
4.021313E1,6.757932E-2,-8.442485E-2
4.024648E1,1.009763E-1,-7.726594E-2
4.027982E1,1.321139E-1,-6.772458E-2
4.031316E1,1.586340E-1,-5.713988E-2
4.034651E1,1.804176E-1,-4.679206E-2
4.037985E1,1.956626E-1,-3.803803E-2
4.041320E1,2.057267E-1,-3.184969E-2
4.044654E1,2.095705E-1,-2.743301E-2
4.047989E1,2.094769E-1,-2.748668E-2
4.051323E1,2.043636E-1,-3.006662E-2
4.054657E1,1.948280E-1,-3.626902E-2
4.057992E1,1.795489E-1,-4.501808E-2
4.061326E1,1.584414E-1,-5.551681E-2
4.064661E1,1.312196E-1,-6.614564E-2
4.067995E1,9.938594E-2,-7.644955E-2
4.071330E1,6.427192E-2,-8.430781E-2
4.074664E1,2.715026E-2,-8.851150E-2
4.077998E1,-8.631956E-3,-9.148294E-2
4.081333E1,-5.378972E-2,-8.694375E-2
4.084667E1,-8.723751E-2,-8.080614E-2
4.088002E1,-1.195846E-1,-7.201355E-2
4.091336E1,-1.478136E-1,-6.114758E-2
4.094670E1,-1.714768E-1,-5.080926E-2
4.098005E1,-1.886518E-1,-3.996830E-2
4.101339E1,-2.027178E-1,-3.223076E-2
4.104674E1,-2.116677E-1,-2.559586E-2
4.108008E1,-2.145547E-1,-2.281178E-2
4.111343E1,-2.123326E-1,-2.438558E-2
4.114677E1,-2.049359E-1,-2.964050E-2
4.118011E1,-1.931223E-1,-3.803784E-2
4.121346E1,-1.757838E-1,-4.777087E-2
4.124680E1,-1.523021E-1,-5.853721E-2
4.128015E1,-1.241467E-1,-6.900135E-2
4.131349E1,-9.170176E-2,-7.868477E-2
4.134684E1,-5.585223E-2,-8.601097E-2
4.138018E1,-1.847399E-2,-9.043069E-2
4.141352E1,1.352157E-2,-9.068327E-2
4.144687E1,5.915623E-2,-8.647827E-2
4.148021E1,9.257857E-2,-7.909836E-2
4.151356E1,1.241083E-1,-7.074394E-2
4.154690E1,1.511201E-1,-6.010515E-2
4.158024E1,1.738268E-1,-4.951053E-2
4.161359E1,1.900415E-1,-4.118082E-2
4.164693E1,2.023604E-1,-3.456965E-2
4.168028E1,2.082238E-1,-3.070120E-2
4.171362E1,2.087630E-1,-2.956304E-2
4.174697E1,2.054922E-1,-3.201771E-2
4.178031E1,1.972330E-1,-3.733618E-2
4.181365E1,1.839001E-1,-4.516146E-2
4.184700E1,1.636742E-1,-5.540350E-2
4.188034E1,1.373182E-1,-6.605136E-2
4.191369E1,1.057586E-1,-7.526668E-2
4.194703E1,7.213853E-2,-8.330674E-2
4.198038E1,3.497983E-2,-8.842533E-2
4.201372E1,-7.352817E-3,-8.862594E-2
4.204706E1,-4.238317E-2,-8.686077E-2
4.208041E1,-7.818394E-2,-8.125976E-2
4.211375E1,-1.100112E-1,-7.290375E-2
4.214710E1,-1.394488E-1,-6.274417E-2
4.218044E1,-1.645966E-1,-5.349652E-2
4.221379E1,-1.845795E-1,-4.380451E-2
4.224713E1,-1.987145E-1,-3.594618E-2
4.228047E1,-2.067006E-1,-3.051696E-2
4.231382E1,-2.090932E-1,-2.695386E-2
4.234716E1,-2.084011E-1,-2.698178E-2
4.238051E1,-2.031389E-1,-2.960185E-2
4.241385E1,-1.937094E-1,-3.771763E-2
4.244719E1,-1.772877E-1,-4.522842E-2
4.248054E1,-1.560120E-1,-5.595584E-2
4.251388E1,-1.295985E-1,-6.758344E-2
4.254723E1,-9.843477E-2,-7.739212E-2
4.258057E1,-6.396420E-2,-8.489863E-2
4.261392E1,-2.585316E-2,-9.004999E-2
4.264726E1,1.213708E-2,-8.991617E-2
4.268060E1,4.996700E-2,-8.708248E-2
4.271395E1,8.287315E-2,-8.146961E-2
4.274729E1,1.160114E-1,-7.363862E-2
4.278064E1,1.437886E-1,-6.349756E-2
4.281398E1,1.671506E-1,-5.308045E-2
4.284733E1,1.842849E-1,-4.318587E-2
4.288067E1,1.975334E-1,-3.666033E-2
4.291401E1,2.049139E-1,-3.267996E-2
4.294736E1,2.060818E-1,-3.021182E-2
4.298070E1,2.034404E-1,-3.158737E-2
4.301405E1,1.968879E-1,-3.657148E-2
4.304739E1,1.846565E-1,-4.464208E-2
4.308073E1,1.662909E-1,-5.385649E-2
4.311408E1,1.418890E-1,-6.441695E-2
4.314742E1,1.117016E-1,-7.379454E-2
4.318077E1,7.798179E-2,-8.188873E-2
4.321411E1,4.161008E-2,-8.752260E-2
4.324746E1,3.416633E-3,-8.929316E-2
4.328080E1,-3.288262E-2,-8.784812E-2
4.331414E1,-7.199880E-2,-8.246048E-2
4.334749E1,-1.025526E-1,-7.560069E-2
4.338083E1,-1.320694E-1,-6.647701E-2
4.341418E1,-1.573581E-1,-5.614407E-2
4.344752E1,-1.782745E-1,-4.659137E-2
4.348087E1,-1.924554E-1,-3.866694E-2
4.351421E1,-2.020447E-1,-3.214477E-2
4.354755E1,-2.073211E-1,-2.920290E-2
4.358090E1,-2.071362E-1,-2.887145E-2
4.361424E1,-2.031479E-1,-3.144446E-2
4.364759E1,-1.932399E-1,-3.557972E-2
4.368093E1,-1.786527E-1,-4.380902E-2
4.371428E1,-1.586997E-1,-5.447332E-2
4.374762E1,-1.336142E-1,-6.517502E-2
4.378096E1,-1.037317E-1,-7.524574E-2
4.381431E1,-6.938490E-2,-8.361020E-2
4.384765E1,-3.366601E-2,-8.854047E-2
4.388100E1,6.233374E-3,-9.013393E-2
4.391434E1,4.356702E-2,-8.831561E-2
4.394768E1,8.050946E-2,-8.225572E-2
4.398103E1,1.143254E-1,-7.383120E-2
4.401437E1,1.444822E-1,-6.333671E-2
4.404772E1,1.702468E-1,-5.331475E-2
4.408106E1,1.900654E-1,-4.080502E-2
4.411441E1,2.057875E-1,-3.313298E-2
4.414775E1,2.157072E-1,-2.781823E-2
4.418109E1,2.193737E-1,-2.547749E-2
4.421444E1,2.165667E-1,-2.643136E-2
4.424778E1,2.079322E-1,-3.198583E-2
4.428113E1,1.933838E-1,-4.089899E-2
4.431447E1,1.727410E-1,-5.142311E-2
4.434782E1,1.478615E-1,-6.206405E-2
4.438116E1,1.183035E-1,-7.257607E-2
4.441450E1,8.537243E-2,-8.151913E-2
4.444785E1,4.880483E-2,-8.840530E-2
4.448119E1,1.189463E-2,-8.978137E-2
4.451454E1,-2.596105E-2,-9.001314E-2
4.454788E1,-6.223970E-2,-8.608365E-2
4.458122E1,-9.551699E-2,-7.875286E-2
4.461457E1,-1.254376E-1,-6.917334E-2
4.464791E1,-1.505255E-1,-5.838339E-2
4.468126E1,-1.726096E-1,-5.059089E-2
4.471460E1,-1.873035E-1,-4.054190E-2
4.474795E1,-1.997563E-1,-3.543917E-2
4.478129E1,-2.052011E-1,-3.142664E-2
4.481463E1,-2.065751E-1,-3.128632E-2
4.484798E1,-2.031035E-1,-3.292075E-2
4.488132E1,-1.951540E-1,-3.794880E-2
4.491467E1,-1.816584E-1,-4.575150E-2
4.494801E1,-1.624325E-1,-5.517977E-2
4.498136E1,-1.378066E-1,-6.488452E-2
4.501470E1,-1.087221E-1,-7.495742E-2
4.504804E1,-7.669389E-2,-8.292292E-2
4.508139E1,-4.002189E-2,-8.818391E-2
4.511473E1,-7.765821E-3,-9.106873E-2
4.514808E1,3.459103E-2,-8.868941E-2
4.518142E1,6.921842E-2,-8.390650E-2
4.521477E1,1.014699E-1,-7.699105E-2
4.524811E1,1.307423E-1,-6.797624E-2
4.528145E1,1.557594E-1,-5.832684E-2
4.531480E1,1.757595E-1,-4.931304E-2
4.534814E1,1.891502E-1,-4.136785E-2
4.538149E1,1.986521E-1,-3.625524E-2
4.541483E1,2.027110E-1,-3.374701E-2
4.544817E1,2.016790E-1,-3.324796E-2
4.548152E1,1.968362E-1,-3.729254E-2
4.551486E1,1.864629E-1,-4.378923E-2
4.554821E1,1.704884E-1,-5.188238E-2
4.558155E1,1.481589E-1,-6.132889E-2
4.561490E1,1.202411E-1,-7.056308E-2
4.564824E1,8.849531E-2,-7.932797E-2
4.568158E1,5.439199E-2,-8.633978E-2
4.571493E1,1.570556E-2,-8.893968E-2
4.574827E1,-2.006903E-2,-8.923436E-2
4.578162E1,-5.629899E-2,-8.613697E-2
4.581496E1,-8.980535E-2,-7.951271E-2
4.584831E1,-1.201479E-1,-7.151886E-2
4.588165E1,-1.464007E-1,-6.113005E-2
4.591499E1,-1.678885E-1,-5.221846E-2
4.594834E1,-1.848179E-1,-4.260945E-2
4.598168E1,-1.958160E-1,-3.553515E-2
4.601503E1,-2.026181E-1,-3.262845E-2
4.604837E1,-2.045458E-1,-3.200056E-2
4.608171E1,-2.017634E-1,-3.351171E-2
4.611506E1,-1.946374E-1,-3.738711E-2
4.614840E1,-1.810342E-1,-4.282346E-2
4.618175E1,-1.631790E-1,-5.206911E-2
4.621509E1,-1.402232E-1,-6.214264E-2
4.624844E1,-1.126419E-1,-7.245502E-2
4.628178E1,-7.929333E-2,-8.143160E-2
4.631512E1,-4.615318E-2,-8.724624E-2
4.634847E1,-1.083041E-2,-9.075693E-2
4.638181E1,2.585890E-2,-8.857269E-2
4.641516E1,6.341210E-2,-8.454224E-2
4.644850E1,9.533207E-2,-7.776982E-2
4.648185E1,1.247835E-1,-7.019069E-2
4.651519E1,1.499012E-1,-5.995012E-2
4.654853E1,1.709936E-1,-5.180903E-2
4.658188E1,1.846056E-1,-4.294930E-2
4.661522E1,1.946751E-1,-3.643009E-2
4.664857E1,1.996049E-1,-3.336601E-2
4.668191E1,1.994945E-1,-3.351679E-2
4.671526E1,1.954639E-1,-3.689281E-2
4.674860E1,1.863836E-1,-4.326203E-2
4.678194E1,1.716640E-1,-5.103284E-2
4.681529E1,1.508462E-1,-6.035977E-2
4.684863E1,1.242600E-1,-7.095562E-2
4.688198E1,9.347204E-2,-8.008608E-2
4.691532E1,5.956476E-2,-8.717939E-2
4.694866E1,2.507987E-2,-9.074415E-2
4.698201E1,-9.681679E-3,-9.116757E-2
4.701535E1,-5.285484E-2,-8.694375E-2
4.704870E1,-8.367415E-2,-8.059665E-2
4.708204E1,-1.144058E-1,-7.296106E-2
4.711539E1,-1.410338E-1,-6.251652E-2
4.714873E1,-1.628948E-1,-5.324197E-2
4.718207E1,-1.802507E-1,-4.392650E-2
4.721542E1,-1.917105E-1,-3.701408E-2
4.724876E1,-1.992583E-1,-3.287682E-2
4.728211E1,-2.019709E-1,-3.192520E-2
4.731545E1,-1.999234E-1,-3.275033E-2
4.734880E1,-1.939039E-1,-3.674737E-2
4.738214E1,-1.815715E-1,-4.197572E-2
4.741548E1,-1.644889E-1,-5.128331E-2
4.744883E1,-1.425515E-1,-6.100348E-2
4.748217E1,-1.158824E-1,-7.128822E-2
4.751552E1,-8.508055E-2,-8.030006E-2
4.754886E1,-5.120966E-2,-8.642100E-2
4.758220E1,-1.294716E-2,-8.999537E-2
4.761555E1,2.257139E-2,-8.931126E-2
4.764889E1,5.582981E-2,-8.630216E-2
4.768224E1,8.844015E-2,-8.015873E-2
4.771558E1,1.184988E-1,-7.214036E-2
4.774893E1,1.447126E-1,-6.228002E-2
4.778227E1,1.657943E-1,-5.320743E-2
4.781561E1,1.817188E-1,-4.469057E-2
4.784896E1,1.917534E-1,-3.779613E-2
4.788230E1,1.969598E-1,-3.480766E-2
4.791565E1,1.977427E-1,-3.450215E-2
4.794899E1,1.939723E-1,-3.765787E-2
4.798234E1,1.861673E-1,-4.357255E-2
4.801568E1,1.725772E-1,-5.059465E-2
4.804902E1,1.527298E-1,-5.962533E-2
4.808237E1,1.268448E-1,-6.902863E-2
4.811571E1,9.657842E-2,-7.742955E-2
4.814906E1,6.383860E-2,-8.399118E-2
4.818240E1,2.712849E-2,-8.854497E-2
4.821575E1,-8.286940E-3,-8.932442E-2
4.824909E1,-4.355351E-2,-8.724181E-2
4.828243E1,-7.791409E-2,-8.186519E-2
4.831578E1,-1.087878E-1,-7.316091E-2
4.834912E1,-1.360410E-1,-6.400708E-2
4.838247E1,-1.589272E-1,-5.456972E-2
4.841581E1,-1.769190E-1,-4.546996E-2
4.844915E1,-1.893610E-1,-3.822002E-2
4.848250E1,-1.991470E-1,-3.219453E-2
4.851584E1,-2.030630E-1,-2.991843E-2
4.854919E1,-2.016394E-1,-3.172588E-2
4.858253E1,-1.951166E-1,-3.596026E-2
4.861588E1,-1.832288E-1,-4.184782E-2
4.864922E1,-1.666715E-1,-5.024915E-2
4.868256E1,-1.452895E-1,-6.083161E-2
4.871591E1,-1.192664E-1,-7.091906E-2
4.874925E1,-8.888848E-2,-8.015755E-2
4.878260E1,-5.514613E-2,-8.678781E-2
4.881594E1,-1.941957E-2,-9.040066E-2
4.884929E1,1.549824E-2,-9.043689E-2
4.888263E1,5.238117E-2,-8.820931E-2
4.891597E1,8.493738E-2,-8.171521E-2
4.894932E1,1.153133E-1,-7.379126E-2
4.898266E1,1.416035E-1,-6.449744E-2
4.901601E1,1.626855E-1,-5.517325E-2
4.904935E1,1.790682E-1,-4.695738E-2
4.908269E1,1.887398E-1,-3.969408E-2
4.911604E1,1.954641E-1,-3.681811E-2
4.914938E1,1.967548E-1,-3.632575E-2
4.918273E1,1.934024E-1,-3.760420E-2
4.921607E1,1.861582E-1,-4.326854E-2
4.924942E1,1.736483E-1,-5.031992E-2
4.928276E1,1.545070E-1,-5.864146E-2
4.931610E1,1.300866E-1,-6.825719E-2
4.934945E1,1.006968E-1,-7.782001E-2
4.938279E1,6.768249E-2,-8.426693E-2
4.941614E1,3.272621E-2,-8.845006E-2
4.944948E1,-7.190226E-3,-8.974024E-2
4.948283E1,-3.934894E-2,-8.777588E-2
4.951617E1,-7.455013E-2,-8.178400E-2
4.954951E1,-1.050568E-1,-7.597501E-2
4.958286E1,-1.327587E-1,-6.674083E-2
4.961620E1,-1.561514E-1,-5.729848E-2
4.964955E1,-1.747606E-1,-4.813073E-2
4.968289E1,-1.895631E-1,-3.984886E-2
4.971623E1,-1.985808E-1,-3.399295E-2
4.974958E1,-2.024297E-1,-3.153779E-2
4.978292E1,-2.011711E-1,-3.173006E-2
4.981627E1,-1.949480E-1,-3.567302E-2
4.984961E1,-1.838419E-1,-4.211508E-2
4.988296E1,-1.680887E-1,-5.047154E-2
4.991630E1,-1.469791E-1,-6.020570E-2
4.994964E1,-1.212193E-1,-6.933783E-2
4.998299E1,-9.171623E-2,-7.842372E-2
5.001633E1,-5.871764E-2,-8.527884E-2
5.004968E1,-2.334385E-2,-8.965892E-2
5.008302E1,1.247198E-2,-8.993991E-2
5.011637E1,4.769785E-2,-8.819737E-2
5.014971E1,8.066603E-2,-8.204306E-2
5.018305E1,1.108466E-1,-7.407210E-2
5.021640E1,1.377668E-1,-6.597905E-2
5.024974E1,1.596925E-1,-5.712889E-2
5.028309E1,1.765769E-1,-4.901585E-2
5.031643E1,1.870022E-1,-4.255705E-2
5.034978E1,1.929604E-1,-3.741199E-2
5.038312E1,1.942642E-1,-3.627535E-2
5.041646E1,1.916521E-1,-3.755644E-2
5.044981E1,1.847868E-1,-4.284808E-2
5.048315E1,1.731341E-1,-4.944373E-2
5.051650E1,1.552246E-1,-5.795999E-2
5.054984E1,1.309036E-1,-6.674717E-2
5.058318E1,1.028723E-1,-7.661784E-2
5.061653E1,7.127874E-2,-8.317356E-2
5.064987E1,3.649395E-2,-8.819989E-2
5.068322E1,-5.281059E-3,-8.994884E-2
5.071656E1,-3.509607E-2,-8.860546E-2
5.074991E1,-6.819846E-2,-8.314277E-2
5.078325E1,-9.989857E-2,-7.581692E-2
5.081659E1,-1.278706E-1,-6.771793E-2
5.084994E1,-1.512950E-1,-5.886534E-2
5.088328E1,-1.700728E-1,-4.959442E-2
5.091663E1,-1.847703E-1,-4.262892E-2
5.094997E1,-1.950807E-1,-3.634881E-2
5.098332E1,-2.003299E-1,-3.341203E-2
5.101666E1,-1.999674E-1,-3.337880E-2
5.105000E1,-1.942746E-1,-3.736366E-2
5.108335E1,-1.840170E-1,-4.314491E-2
5.111669E1,-1.687270E-1,-5.145790E-2
5.115004E1,-1.485084E-1,-6.057329E-2
5.118338E1,-1.231619E-1,-6.990070E-2
5.121672E1,-9.400996E-2,-7.862792E-2
5.125007E1,-6.210146E-2,-8.533518E-2
5.128341E1,-2.782019E-2,-8.939343E-2
5.131676E1,8.188642E-3,-9.096291E-2
5.135010E1,4.379909E-2,-8.875725E-2
5.138345E1,7.778644E-2,-8.315109E-2
5.141679E1,1.092056E-1,-7.615131E-2
5.145013E1,1.359390E-1,-6.761243E-2
5.148348E1,1.579512E-1,-5.872326E-2
5.151682E1,1.744814E-1,-5.047508E-2
5.155017E1,1.860598E-1,-4.409953E-2
5.158351E1,1.923024E-1,-4.058498E-2
5.161686E1,1.944186E-1,-3.932817E-2
5.165020E1,1.920985E-1,-4.063401E-2
5.168354E1,1.857181E-1,-4.439221E-2
5.171689E1,1.737667E-1,-5.103711E-2
5.175023E1,1.565568E-1,-5.927736E-2
5.178358E1,1.332522E-1,-6.842132E-2
5.181692E1,1.052191E-1,-7.744965E-2
5.185027E1,7.373576E-2,-8.446763E-2
5.188361E1,3.917966E-2,-8.852923E-2
5.191695E1,-2.979184E-4,-9.202073E-2
5.195030E1,-3.117077E-2,-8.969031E-2
5.198364E1,-6.482139E-2,-8.461252E-2
5.201699E1,-9.639922E-2,-7.780604E-2
5.205033E1,-1.242830E-1,-6.966028E-2
5.208367E1,-1.483195E-1,-6.043563E-2
5.211702E1,-1.668300E-1,-5.150148E-2
5.215036E1,-1.812976E-1,-4.419712E-2
5.218371E1,-1.906554E-1,-3.991092E-2
5.221705E1,-1.969398E-1,-3.616740E-2
5.225040E1,-1.972552E-1,-3.598604E-2
5.228374E1,-1.921517E-1,-3.867086E-2
5.231708E1,-1.815168E-1,-4.205555E-2
5.235043E1,-1.672488E-1,-5.013637E-2
5.238377E1,-1.481329E-1,-5.883293E-2
5.241712E1,-1.240529E-1,-6.802371E-2
5.245046E1,-9.582496E-2,-7.702225E-2
5.248381E1,-6.425714E-2,-8.391536E-2
5.251715E1,-3.072222E-2,-8.861977E-2
5.255049E1,6.100485E-3,-9.004641E-2
5.258384E1,4.150432E-2,-8.878929E-2
5.261718E1,7.578740E-2,-8.344091E-2
5.265053E1,1.071371E-1,-7.681101E-2
5.268387E1,1.350724E-1,-6.763012E-2
5.271721E1,1.596098E-1,-5.831720E-2
5.275056E1,1.784623E-1,-4.978216E-2
5.278390E1,1.929870E-1,-4.197173E-2
5.281725E1,2.018861E-1,-3.680167E-2
5.285059E1,2.052965E-1,-3.479871E-2
5.288394E1,2.020633E-1,-3.632639E-2
5.291728E1,1.928410E-1,-4.135265E-2
5.295062E1,1.781949E-1,-4.926574E-2
5.298397E1,1.586297E-1,-5.842733E-2
5.301731E1,1.349062E-1,-6.791254E-2
5.305066E1,1.071228E-1,-7.663616E-2
5.308400E1,7.564274E-2,-8.311657E-2
5.311735E1,4.173462E-2,-8.766776E-2
5.315069E1,-2.121098E-3,-8.998743E-2
5.318403E1,-2.842036E-2,-8.940363E-2
5.321738E1,-6.236429E-2,-8.550296E-2
5.325072E1,-9.348197E-2,-7.894529E-2
5.328407E1,-1.212834E-1,-7.107490E-2
5.331741E1,-1.450351E-1,-6.175694E-2
5.335076E1,-1.646373E-1,-5.382797E-2
5.338410E1,-1.790897E-1,-4.624749E-2
5.341744E1,-1.911844E-1,-3.946644E-2
5.345079E1,-1.963663E-1,-3.573836E-2
5.348413E1,-1.971126E-1,-3.544423E-2
5.351748E1,-1.920744E-1,-3.798724E-2
5.355082E1,-1.824036E-1,-4.367096E-2
5.358416E1,-1.679527E-1,-5.050587E-2
5.361751E1,-1.494121E-1,-6.002387E-2
5.365085E1,-1.257182E-1,-6.914680E-2
5.368420E1,-9.784056E-2,-7.774105E-2
5.371754E1,-6.610542E-2,-8.435843E-2
5.375089E1,-3.231564E-2,-8.863077E-2
5.378423E1,-5.961819E-3,-8.998903E-2
5.381757E1,3.559066E-2,-8.844118E-2
5.385092E1,6.902939E-2,-8.439059E-2
5.388426E1,9.958051E-2,-7.783733E-2
5.391761E1,1.269063E-1,-6.999632E-2
5.395095E1,1.492525E-1,-6.091371E-2
5.398430E1,1.664147E-1,-5.293732E-2
5.401764E1,1.789684E-1,-4.559525E-2
5.405098E1,1.867515E-1,-4.284760E-2
5.408433E1,1.896829E-1,-4.125298E-2
5.411767E1,1.881280E-1,-4.219200E-2
5.415102E1,1.824027E-1,-4.470414E-2
5.418436E1,1.718509E-1,-5.100939E-2
5.421770E1,1.556427E-1,-5.895416E-2
5.425105E1,1.336739E-1,-6.711580E-2
5.428439E1,1.070729E-1,-7.622584E-2
5.431774E1,7.657012E-2,-8.292586E-2
5.435108E1,4.361620E-2,-8.914400E-2
5.438443E1,-2.235028E-3,-9.135356E-2
5.441777E1,-2.598106E-2,-9.008366E-2
5.445111E1,-5.922568E-2,-8.538385E-2
5.448446E1,-9.018131E-2,-7.915341E-2
5.451780E1,-1.178694E-1,-7.098917E-2
5.455115E1,-1.418235E-1,-6.248869E-2
5.458449E1,-1.614185E-1,-5.454807E-2
5.461784E1,-1.759990E-1,-4.690062E-2
5.465118E1,-1.853827E-1,-4.132523E-2
5.468452E1,-1.905790E-1,-3.934010E-2
5.471787E1,-1.913010E-1,-3.874333E-2
5.475121E1,-1.886773E-1,-4.122292E-2
5.478456E1,-1.793182E-1,-4.368173E-2
5.481790E1,-1.660758E-1,-5.044817E-2
5.485125E1,-1.478525E-1,-5.880599E-2
5.488459E1,-1.247397E-1,-6.757541E-2
5.491793E1,-9.773864E-2,-7.669497E-2
5.495128E1,-6.665194E-2,-8.339948E-2
5.498462E1,-3.386520E-2,-8.865372E-2
5.501797E1,-6.478918E-3,-8.993039E-2
5.505131E1,3.389021E-2,-8.879748E-2
5.508465E1,6.682889E-2,-8.473149E-2
5.511800E1,9.655589E-2,-7.765428E-2
5.515134E1,1.234157E-1,-6.999599E-2
5.518469E1,1.459185E-1,-6.115057E-2
5.521803E1,1.635492E-1,-5.353909E-2
5.525138E1,1.772779E-1,-4.770810E-2
5.528472E1,1.836541E-1,-4.269455E-2
5.531806E1,1.869588E-1,-4.148470E-2
5.535141E1,1.855947E-1,-4.203776E-2
5.538475E1,1.802494E-1,-4.483643E-2
5.541810E1,1.701467E-1,-5.132635E-2
5.545144E1,1.545919E-1,-5.858207E-2
5.548479E1,1.335407E-1,-6.687303E-2
5.551813E1,1.071609E-1,-7.512843E-2
5.555147E1,7.719693E-2,-8.192431E-2
5.558482E1,4.511777E-2,-8.862189E-2
5.561816E1,-2.333054E-3,-9.077419E-2
5.565151E1,-2.377576E-2,-8.854456E-2
5.568485E1,-5.707613E-2,-8.499359E-2
5.571819E1,-8.804210E-2,-7.888310E-2
5.575154E1,-1.159287E-1,-7.116551E-2
5.578488E1,-1.400038E-1,-6.333256E-2
5.581823E1,-1.598980E-1,-5.537631E-2
5.585157E1,-1.747888E-1,-4.763385E-2
5.588492E1,-1.865438E-1,-4.135669E-2
5.591826E1,-1.923280E-1,-3.772729E-2
5.595160E1,-1.937902E-1,-3.724457E-2
5.598495E1,-1.899841E-1,-3.983524E-2
5.601829E1,-1.807921E-1,-4.515748E-2
5.605164E1,-1.669163E-1,-5.177878E-2
5.608498E1,-1.486527E-1,-6.023890E-2
5.611833E1,-1.260230E-1,-6.890220E-2
5.615167E1,-9.877418E-2,-7.733986E-2
5.618501E1,-6.783050E-2,-8.342693E-2
5.621836E1,-3.542235E-2,-8.876809E-2
5.625170E1,-6.658818E-3,-9.138823E-2
5.628505E1,3.242127E-2,-8.965635E-2
5.631839E1,6.539496E-2,-8.558514E-2
5.635174E1,9.547369E-2,-7.974018E-2
5.638508E1,1.226251E-1,-7.184175E-2
5.641842E1,1.453449E-1,-6.315120E-2
5.645177E1,1.630795E-1,-5.562134E-2
5.648511E1,1.759283E-1,-4.922398E-2
5.651846E1,1.821202E-1,-4.361828E-2
5.655180E1,1.849877E-1,-4.171201E-2
5.658514E1,1.838454E-1,-4.185808E-2
5.661849E1,1.786191E-1,-4.467636E-2
5.665183E1,1.683136E-1,-5.029247E-2
5.668518E1,1.533414E-1,-5.756966E-2
5.671852E1,1.326472E-1,-6.552489E-2
5.675187E1,1.072006E-1,-7.385976E-2
5.678521E1,7.768532E-2,-8.154780E-2
5.681855E1,4.601539E-2,-8.813201E-2
5.685190E1,1.221084E-2,-8.967052E-2
5.688524E1,-2.155767E-2,-8.927780E-2
5.691859E1,-5.469219E-2,-8.526828E-2
5.695193E1,-8.550488E-2,-7.947497E-2
5.698528E1,-1.129053E-1,-7.203605E-2
5.701862E1,-1.372587E-1,-6.367873E-2
5.705196E1,-1.566387E-1,-5.604310E-2
5.708531E1,-1.713778E-1,-4.882484E-2
5.711865E1,-1.820228E-1,-4.345556E-2
5.715200E1,-1.873559E-1,-4.126792E-2
5.718534E1,-1.886676E-1,-4.129101E-2
5.721868E1,-1.857815E-1,-4.291394E-2
5.725203E1,-1.781980E-1,-4.646219E-2
5.728537E1,-1.646402E-1,-5.218638E-2
5.731872E1,-1.475335E-1,-6.054237E-2
5.735206E1,-1.248821E-1,-6.876918E-2
5.738541E1,-9.862875E-2,-7.675775E-2
5.741875E1,-6.821533E-2,-8.310948E-2
5.745209E1,-3.630154E-2,-8.820262E-2
5.748544E1,-7.269269E-3,-8.988807E-2
5.751878E1,3.059026E-2,-8.882772E-2
5.755213E1,6.378093E-2,-8.515076E-2
5.758547E1,9.413694E-2,-7.892871E-2
5.761882E1,1.211844E-1,-7.169281E-2
5.765216E1,1.441717E-1,-6.360684E-2
5.768550E1,1.614182E-1,-5.574417E-2
5.771885E1,1.738069E-1,-4.956711E-2
5.775219E1,1.816195E-1,-4.525344E-2
5.778554E1,1.843851E-1,-4.334809E-2
5.781888E1,1.829914E-1,-4.355263E-2
5.785223E1,1.781831E-1,-4.618148E-2
5.788557E1,1.681101E-1,-5.159427E-2
5.791891E1,1.535243E-1,-5.816743E-2
5.795226E1,1.326772E-1,-6.610562E-2
5.798560E1,1.069506E-1,-7.400706E-2
5.801895E1,7.792931E-2,-8.173891E-2
5.805229E1,4.616829E-2,-8.713380E-2
5.808563E1,1.288074E-2,-8.952932E-2
5.811898E1,-2.049357E-2,-8.982113E-2
5.815232E1,-5.362546E-2,-8.592325E-2
5.818567E1,-8.443262E-2,-8.029073E-2
5.821901E1,-1.119569E-1,-7.348404E-2
5.825236E1,-1.357532E-1,-6.512797E-2
5.828570E1,-1.553145E-1,-5.722458E-2
5.831904E1,-1.703271E-1,-5.047334E-2
5.835239E1,-1.805596E-1,-4.555032E-2
5.838573E1,-1.860345E-1,-4.264794E-2
5.841908E1,-1.873409E-1,-4.261719E-2
5.845242E1,-1.845265E-1,-4.414625E-2
5.848577E1,-1.769206E-1,-4.793830E-2
5.851911E1,-1.636226E-1,-5.304406E-2
5.855245E1,-1.462975E-1,-6.131165E-2
5.858580E1,-1.240044E-1,-6.857529E-2
5.861914E1,-9.785448E-2,-7.668936E-2
5.865249E1,-6.790674E-2,-8.315704E-2
5.868583E1,-3.620185E-2,-8.784548E-2
5.871917E1,-7.310752E-3,-8.964118E-2
5.875252E1,3.018244E-2,-8.945630E-2
5.878586E1,6.257331E-2,-8.531540E-2
5.881921E1,9.272027E-2,-7.974965E-2
5.885255E1,1.195929E-1,-7.192160E-2
5.888590E1,1.416744E-1,-6.404832E-2
5.891924E1,1.592886E-1,-5.607137E-2
5.895258E1,1.717429E-1,-4.966075E-2
5.898593E1,1.795502E-1,-4.554246E-2
5.901927E1,1.823239E-1,-4.362891E-2
5.905262E1,1.817119E-1,-4.411387E-2
5.908596E1,1.769132E-1,-4.688993E-2
5.911931E1,1.671510E-1,-5.202127E-2
5.915265E1,1.520916E-1,-5.871688E-2
5.918599E1,1.316518E-1,-6.671266E-2
5.921934E1,1.063327E-1,-7.450572E-2
5.925268E1,7.778248E-2,-8.169269E-2
5.928603E1,4.621996E-2,-8.722734E-2
5.931937E1,1.305421E-2,-8.967865E-2
5.935272E1,-2.016789E-2,-8.930318E-2
5.938606E1,-5.259584E-2,-8.586501E-2
5.941940E1,-8.311116E-2,-8.020912E-2
5.945275E1,-1.099963E-1,-7.274602E-2
5.948609E1,-1.334463E-1,-6.487372E-2
5.951944E1,-1.534768E-1,-5.732199E-2
5.955278E1,-1.687700E-1,-5.140436E-2
5.958612E1,-1.788596E-1,-4.599739E-2
5.961947E1,-1.846420E-1,-4.403816E-2
5.965281E1,-1.860553E-1,-4.389651E-2
5.968616E1,-1.832167E-1,-4.539687E-2
5.971950E1,-1.757315E-1,-4.945042E-2
5.975285E1,-1.632606E-1,-5.553262E-2
5.978619E1,-1.459534E-1,-6.265040E-2
5.981953E1,-1.239642E-1,-7.062040E-2
5.985288E1,-9.785864E-2,-7.843903E-2
5.988622E1,-6.817709E-2,-8.490286E-2
5.991957E1,-3.689355E-2,-8.902233E-2
5.995291E1,-7.547286E-3,-9.043398E-2
5.998626E1,2.771573E-2,-8.864624E-2
6.001960E1,6.184690E-2,-8.446626E-2
6.005294E1,9.224911E-2,-8.015588E-2
6.008629E1,1.188191E-1,-7.265168E-2
6.011963E1,1.409813E-1,-6.463789E-2
6.015298E1,1.585244E-1,-5.733654E-2
6.018632E1,1.711414E-1,-5.118539E-2
6.021966E1,1.787907E-1,-4.746584E-2
6.025301E1,1.817460E-1,-4.564255E-2
6.028635E1,1.810400E-1,-4.593593E-2
6.031970E1,1.760348E-1,-4.887261E-2
6.035304E1,1.666605E-1,-5.365690E-2
6.038639E1,1.515185E-1,-6.044179E-2
6.041973E1,1.309704E-1,-6.850079E-2
6.045307E1,1.056464E-1,-7.636031E-2
6.048642E1,7.699025E-2,-8.298558E-2
6.051976E1,4.592614E-2,-8.817946E-2
6.055311E1,1.308503E-2,-9.068706E-2
6.058645E1,-2.018456E-2,-9.079118E-2
6.061980E1,-5.233389E-2,-8.734307E-2
6.065314E1,-8.261975E-2,-8.174801E-2
6.068648E1,-1.103664E-1,-7.505588E-2
6.071983E1,-1.340378E-1,-6.693667E-2
6.075317E1,-1.538500E-1,-5.939561E-2
6.078652E1,-1.687128E-1,-5.252973E-2
6.081986E1,-1.804431E-1,-4.620320E-2
6.085321E1,-1.868366E-1,-4.256559E-2
6.088655E1,-1.879273E-1,-4.209533E-2
6.091989E1,-1.839739E-1,-4.398572E-2
6.095324E1,-1.751833E-1,-4.882233E-2
6.098658E1,-1.621704E-1,-5.490741E-2
6.101993E1,-1.447612E-1,-6.251915E-2
6.105327E1,-1.227458E-1,-7.031935E-2
6.108661E1,-9.705678E-2,-7.849921E-2
6.111996E1,-6.749073E-2,-8.486539E-2
6.115330E1,-3.615469E-2,-8.874596E-2
6.118665E1,-7.345793E-3,-9.140661E-2
6.121999E1,2.773529E-2,-8.923959E-2
6.125334E1,6.048693E-2,-8.478157E-2
6.128668E1,9.037654E-2,-8.055136E-2
6.132002E1,1.164660E-1,-7.250190E-2
6.135337E1,1.380184E-1,-6.484449E-2
6.138671E1,1.556097E-1,-5.806980E-2
6.142006E1,1.685416E-1,-5.234613E-2
6.145340E1,1.763593E-1,-4.878076E-2
6.148675E1,1.797742E-1,-4.709118E-2
6.152009E1,1.785319E-1,-4.718826E-2
6.155343E1,1.731821E-1,-4.989237E-2
6.158678E1,1.633135E-1,-5.506159E-2
6.162012E1,1.483440E-1,-6.181592E-2
6.165347E1,1.287668E-1,-6.864694E-2
6.168681E1,1.041775E-1,-7.679263E-2
6.172015E1,7.605636E-2,-8.356873E-2
6.175350E1,4.498134E-2,-8.872684E-2
6.178684E1,1.232988E-2,-9.041308E-2
6.182019E1,-2.043122E-2,-9.038816E-2
6.185353E1,-5.246911E-2,-8.630477E-2
6.188688E1,-8.241581E-2,-8.091786E-2
6.192022E1,-1.091505E-1,-7.342172E-2
6.195356E1,-1.324238E-1,-6.546815E-2
6.198691E1,-1.516251E-1,-5.825127E-2
6.202025E1,-1.661708E-1,-5.146919E-2
6.205360E1,-1.778965E-1,-4.603580E-2
6.208694E1,-1.844160E-1,-4.292717E-2
6.212029E1,-1.857797E-1,-4.218039E-2
6.215363E1,-1.819155E-1,-4.416303E-2
6.218697E1,-1.727766E-1,-4.822222E-2
6.222032E1,-1.598809E-1,-5.489773E-2
6.225366E1,-1.428388E-1,-6.250222E-2
6.228701E1,-1.210355E-1,-7.049230E-2
6.232035E1,-9.555659E-2,-7.815620E-2
6.235370E1,-6.618264E-2,-8.433434E-2
6.238704E1,-3.508132E-2,-8.873555E-2
6.242038E1,-6.280034E-3,-9.036757E-2
6.245373E1,2.951701E-2,-8.982334E-2
6.248707E1,6.145599E-2,-8.576014E-2
6.252042E1,9.042265E-2,-8.041870E-2
6.255376E1,1.161750E-1,-7.274875E-2
6.258710E1,1.382473E-1,-6.556307E-2
6.262045E1,1.550345E-1,-5.879961E-2
6.265379E1,1.676307E-1,-5.302780E-2
6.268714E1,1.750194E-1,-4.949236E-2
6.272048E1,1.783521E-1,-4.786662E-2
6.275383E1,1.771486E-1,-4.820547E-2
6.278717E1,1.718643E-1,-5.052711E-2
6.282051E1,1.619319E-1,-5.539686E-2
6.285386E1,1.468257E-1,-6.175327E-2
6.288720E1,1.269186E-1,-6.917270E-2
6.292055E1,1.023595E-1,-7.675466E-2
6.295389E1,7.433704E-2,-8.317960E-2
6.298724E1,4.347431E-2,-8.790546E-2
6.302058E1,1.131673E-2,-8.967026E-2
6.305392E1,-2.117583E-2,-9.006398E-2
6.308727E1,-5.298057E-2,-8.659822E-2
6.312061E1,-8.256140E-2,-8.111495E-2
6.315396E1,-1.094107E-1,-7.417483E-2
6.318730E1,-1.323202E-1,-6.642252E-2
6.322064E1,-1.509596E-1,-5.873146E-2
6.325399E1,-1.653519E-1,-5.229931E-2
6.328733E1,-1.770799E-1,-4.685948E-2
6.332068E1,-1.827998E-1,-4.273125E-2
6.335402E1,-1.839373E-1,-4.253768E-2
6.338737E1,-1.799922E-1,-4.512957E-2
6.342071E1,-1.709803E-1,-4.919661E-2
6.345405E1,-1.576849E-1,-5.538135E-2
6.348740E1,-1.403882E-1,-6.214977E-2
6.352074E1,-1.189657E-1,-7.067530E-2
6.355409E1,-9.340944E-2,-7.788911E-2
6.358743E1,-6.482503E-2,-8.408015E-2
6.362078E1,-3.365048E-2,-8.833864E-2
6.365412E1,-5.686874E-3,-9.092101E-2
6.368746E1,3.025296E-2,-8.962521E-2
6.372081E1,6.180166E-2,-8.616798E-2
6.375415E1,9.084224E-2,-8.076383E-2
6.378750E1,1.163407E-1,-7.329902E-2
6.382084E1,1.375049E-1,-6.573932E-2
6.385419E1,1.542299E-1,-5.919127E-2
6.388753E1,1.664600E-1,-5.372215E-2
6.392087E1,1.734733E-1,-5.024712E-2
6.395422E1,1.764303E-1,-4.866904E-2
6.398756E1,1.752265E-1,-4.906254E-2
6.402091E1,1.699835E-1,-5.171529E-2
6.405425E1,1.599036E-1,-5.696442E-2
6.408759E1,1.450395E-1,-6.360860E-2
6.412094E1,1.252293E-1,-7.092573E-2
6.415428E1,1.009635E-1,-7.836663E-2
6.418763E1,7.274113E-2,-8.372264E-2
6.422097E1,4.154392E-2,-8.765585E-2
6.425432E1,-2.222800E-3,-9.041212E-2
6.428766E1,-2.217527E-2,-9.044304E-2
6.432100E1,-5.358470E-2,-8.656760E-2
6.435435E1,-8.287338E-2,-8.097759E-2
6.438769E1,-1.092678E-1,-7.430201E-2
6.442104E1,-1.318646E-1,-6.647129E-2
6.445438E1,-1.501470E-1,-5.951723E-2
6.448773E1,-1.643113E-1,-5.259154E-2
6.452107E1,-1.753680E-1,-4.723355E-2
6.455441E1,-1.807111E-1,-4.359695E-2
6.458776E1,-1.816690E-1,-4.367501E-2
6.462110E1,-1.779153E-1,-4.593425E-2
6.465445E1,-1.688557E-1,-5.023746E-2
6.468779E1,-1.556748E-1,-5.612093E-2
6.472113E1,-1.382520E-1,-6.341139E-2
6.475448E1,-1.169979E-1,-7.098997E-2
6.478782E1,-9.150754E-2,-7.887538E-2
6.482117E1,-6.287185E-2,-8.460592E-2
6.485451E1,-3.201596E-2,-8.846392E-2
6.488786E1,-4.771991E-3,-9.019605E-2
6.492120E1,3.095235E-2,-8.933515E-2
6.495454E1,6.220085E-2,-8.555639E-2
