t,x,y
5.333683E-1,-2.112926E-1,1.118766E-1
5.667038E-1,-2.058779E-1,1.069226E-1
6.000393E-1,-1.957150E-1,9.807723E-2
6.333748E-1,-1.797416E-1,8.541407E-2
6.667103E-1,-1.561694E-1,7.064661E-2
7.000459E-1,-1.263015E-1,5.661335E-2
7.333814E-1,-8.887434E-2,4.349449E-2
7.667169E-1,-4.889196E-2,3.447689E-2
8.000524E-1,-5.420677E-3,3.082888E-2
8.333879E-1,3.360352E-2,3.193844E-2
8.667234E-1,7.104313E-2,3.734604E-2
9.000590E-1,1.110788E-1,4.821883E-2
9.333945E-1,1.460953E-1,6.171190E-2
9.667300E-1,1.747381E-1,7.659067E-2
1.000066E0,1.966610E-1,9.118867E-2
1.033401E0,2.117017E-1,1.029192E-1
1.066737E0,2.194050E-1,1.103238E-1
1.100072E0,2.221624E-1,1.132329E-1
1.133408E0,2.211205E-1,1.115912E-1
1.166743E0,2.142201E-1,1.055554E-1
1.200079E0,1.999137E-1,9.411496E-2
1.233414E0,1.787301E-1,7.965825E-2
1.266750E0,1.503739E-1,6.466580E-2
1.300085E0,1.175473E-1,5.082886E-2
1.333421E0,7.990478E-2,3.897674E-2
1.366756E0,3.986299E-2,3.229428E-2
1.400092E0,2.140240E-4,3.003329E-2
1.433427E0,-4.174403E-2,3.314398E-2
1.466763E0,-8.187186E-2,4.090788E-2
1.500098E0,-1.188596E-1,5.288930E-2
1.533434E0,-1.484341E-1,6.645755E-2
1.566769E0,-1.712108E-1,8.034689E-2
1.600105E0,-1.890332E-1,9.359843E-2
1.633440E0,-2.014046E-1,1.031317E-1
1.666776E0,-2.087838E-1,1.076828E-1
1.700111E0,-2.104925E-1,1.081924E-1
1.733447E0,-2.056881E-1,1.044069E-1
1.766782E0,-1.938421E-1,9.669816E-2
1.800118E0,-1.771270E-1,8.530308E-2
1.833453E0,-1.548589E-1,7.163504E-2
1.866789E0,-1.272792E-1,5.694233E-2
1.900124E0,-9.436865E-2,4.399120E-2
1.933460E0,-5.540559E-2,3.452576E-2
1.966796E0,-1.180414E-2,2.981954E-2
2.000131E0,2.783322E-2,3.076655E-2
2.033467E0,7.147122E-2,3.706563E-2
2.066802E0,1.058054E-1,4.626735E-2
2.100138E0,1.379677E-1,5.867111E-2
2.133473E0,1.673990E-1,7.343086E-2
2.166809E0,1.902177E-1,8.747936E-2
2.200144E0,2.066401E-1,9.883423E-2
2.233480E0,2.164514E-1,1.066937E-1
2.266815E0,2.194583E-1,1.099303E-1
2.300151E0,2.167788E-1,1.081054E-1
2.333486E0,2.096244E-1,1.017774E-1
2.366822E0,1.969957E-1,9.201446E-2
2.400157E0,1.776549E-1,7.908533E-2
2.433493E0,1.507511E-1,6.476503E-2
2.466828E0,1.177950E-1,5.096649E-2
2.500164E0,8.130779E-2,3.938738E-2
2.533499E0,4.217439E-2,3.240349E-2
2.566835E0,2.911975E-3,3.063036E-2
2.600170E0,-3.750234E-2,3.312503E-2
2.633506E0,-7.744129E-2,3.995574E-2
2.666841E0,-1.130454E-1,5.102363E-2
2.700177E0,-1.433373E-1,6.424273E-2
2.733512E0,-1.669111E-1,7.811943E-2
2.766848E0,-1.849311E-1,9.065573E-2
2.800183E0,-1.981555E-1,1.001871E-1
2.833519E0,-2.058914E-1,1.053235E-1
2.866854E0,-2.073945E-1,1.065833E-1
2.900190E0,-2.024717E-1,1.033160E-1
2.933526E0,-1.918890E-1,9.580510E-2
2.966861E0,-1.765129E-1,8.476192E-2
3.000197E0,-1.549519E-1,7.123444E-2
3.033532E0,-1.280315E-1,5.752693E-2
3.066868E0,-9.479562E-2,4.522623E-2
3.100203E0,-5.613244E-2,3.621362E-2
3.133539E0,-1.709036E-2,3.141576E-2
3.166874E0,2.373034E-2,3.108875E-2
3.200210E0,6.465929E-2,3.626925E-2
3.233545E0,1.017720E-1,4.570596E-2
3.266881E0,1.354224E-1,5.787750E-2
3.300216E0,1.635504E-1,7.137211E-2
3.333552E0,1.857261E-1,8.492844E-2
3.366887E0,2.015683E-1,9.609806E-2
3.400223E0,2.111774E-1,1.037430E-1
3.433558E0,2.164418E-1,1.080832E-1
3.466894E0,2.152294E-1,1.068224E-1
3.500229E0,2.081423E-1,1.008651E-1
3.533565E0,1.937566E-1,9.050812E-2
3.566900E0,1.739121E-1,7.788693E-2
3.600236E0,1.484449E-1,6.407307E-2
3.633571E0,1.181399E-1,5.107088E-2
3.666907E0,8.290365E-2,4.023359E-2
3.700242E0,4.345237E-2,3.274443E-2
3.733578E0,1.189434E-3,3.044741E-2
3.766913E0,-3.631465E-2,3.268991E-2
3.800249E0,-7.522814E-2,4.009733E-2
3.833584E0,-1.092013E-1,5.094931E-2
3.866920E0,-1.389561E-1,6.318875E-2
3.900256E0,-1.645765E-1,7.661692E-2
3.933591E0,-1.830012E-1,8.791077E-2
3.966927E0,-1.954784E-1,9.772422E-2
4.000262E0,-2.017956E-1,1.035631E-1
4.033598E0,-2.032614E-1,1.046227E-1
4.066933E0,-1.995774E-1,1.013222E-1
4.100269E0,-1.903941E-1,9.381520E-2
4.133604E0,-1.749974E-1,8.320084E-2
4.166940E0,-1.526823E-1,7.063124E-2
4.200275E0,-1.250723E-1,5.719688E-2
4.233611E0,-9.340575E-2,4.498834E-2
4.266946E0,-5.613592E-2,3.552257E-2
4.300282E0,-1.842613E-2,3.097559E-2
4.333617E0,2.465702E-2,3.137619E-2
4.366953E0,6.232233E-2,3.604501E-2
4.400288E0,9.968909E-2,4.502599E-2
4.433624E0,1.325828E-1,5.681840E-2
4.466959E0,1.603709E-1,7.039397E-2
4.500295E0,1.829870E-1,8.366551E-2
4.533630E0,1.989922E-1,9.443783E-2
4.566966E0,2.094009E-1,1.023466E-1
4.600301E0,2.136813E-1,1.057557E-1
4.633637E0,2.115942E-1,1.043549E-1
4.666972E0,2.043999E-1,9.845472E-2
4.700308E0,1.919681E-1,8.955106E-2
4.733643E0,1.734845E-1,7.759151E-2
4.766979E0,1.482059E-1,6.421926E-2
4.800314E0,1.168401E-1,5.100160E-2
4.833650E0,8.150782E-2,4.015669E-2
4.866986E0,4.263167E-2,3.302416E-2
4.900321E0,3.981169E-3,3.076352E-2
4.933657E0,-3.521403E-2,3.275192E-2
4.966992E0,-7.373376E-2,3.950879E-2
5.000328E0,-1.083459E-1,4.942270E-2
5.033663E0,-1.382247E-1,6.213285E-2
5.066999E0,-1.617007E-1,7.534492E-2
5.100334E0,-1.801131E-1,8.681215E-2
5.133670E0,-1.929719E-1,9.593620E-2
5.167005E0,-2.003175E-1,1.011559E-1
5.200341E0,-2.016955E-1,1.024926E-1
5.233676E0,-1.972457E-1,9.956595E-2
5.267012E0,-1.874631E-1,9.236184E-2
5.300347E0,-1.721702E-1,8.156816E-2
5.333683E0,-1.511284E-1,6.905175E-2
5.367018E0,-1.246817E-1,5.625352E-2
5.400354E0,-9.212998E-2,4.473821E-2
5.433689E0,-5.550336E-2,3.585248E-2
5.467025E0,-1.687669E-2,3.100897E-2
5.500360E0,2.204562E-2,3.091772E-2
5.533696E0,6.032121E-2,3.562831E-2
5.567031E0,9.828121E-2,4.490935E-2
5.600367E0,1.324115E-1,5.695776E-2
5.633702E0,1.593126E-1,6.964106E-2
5.667038E0,1.803728E-1,8.232415E-2
5.700373E0,1.958650E-1,9.258302E-2
5.733709E0,2.057597E-1,9.981649E-2
5.767044E0,2.098526E-1,1.031218E-1
5.800380E0,2.082758E-1,1.017735E-1
5.833716E0,2.011662E-1,9.632320E-2
5.867051E0,1.875225E-1,8.719307E-2
5.900387E0,1.688440E-1,7.555548E-2
5.933722E0,1.430594E-1,6.240595E-2
5.967058E0,1.131450E-1,5.025888E-2
6.000393E0,7.759253E-2,3.967382E-2
6.033729E0,3.945921E-2,3.307561E-2
6.067064E0,2.741493E-3,3.083627E-2
6.100400E0,-3.604005E-2,3.306310E-2
6.133735E0,-7.327729E-2,4.010323E-2
6.167071E0,-1.072412E-1,5.040346E-2
6.200406E0,-1.368368E-1,6.217174E-2
6.233742E0,-1.606297E-1,7.466251E-2
6.267077E0,-1.782759E-1,8.573105E-2
6.300413E0,-1.901298E-1,9.461702E-2
6.333748E0,-1.968873E-1,9.970185E-2
6.367084E0,-1.982818E-1,1.005531E-1
6.400419E0,-1.939948E-1,9.722305E-2
6.433755E0,-1.840337E-1,8.991014E-2
6.467090E0,-1.680874E-1,7.951916E-2
6.500426E0,-1.471159E-1,6.770560E-2
6.533761E0,-1.200542E-1,5.542378E-2
6.567097E0,-8.868731E-2,4.419900E-2
6.600432E0,-5.262434E-2,3.587223E-2
6.633768E0,-1.464921E-2,3.165176E-2
6.667103E0,2.410114E-2,3.205614E-2
6.700439E0,6.300966E-2,3.690847E-2
6.733774E0,9.735952E-2,4.502459E-2
6.767110E0,1.309816E-1,5.688031E-2
6.800446E0,1.568472E-1,6.915792E-2
6.833781E0,1.780101E-1,8.113771E-2
6.867117E0,1.935198E-1,9.120596E-2
6.900452E0,2.033793E-1,9.825603E-2
6.933788E0,2.068707E-1,1.013125E-1
6.967123E0,2.050956E-1,1.000569E-1
7.000459E0,1.976825E-1,9.419413E-2
7.033794E0,1.843198E-1,8.537241E-2
7.067130E0,1.648137E-1,7.341959E-2
7.100465E0,1.403492E-1,6.129363E-2
7.133801E0,1.094337E-1,4.941518E-2
7.167136E0,7.574079E-2,3.986384E-2
7.200472E0,3.770155E-2,3.353473E-2
7.233807E0,-1.588366E-5,3.153382E-2
7.267143E0,-4.038141E-2,3.436924E-2
7.300478E0,-7.560735E-2,4.097721E-2
7.333814E0,-1.086769E-1,5.110230E-2
7.367149E0,-1.366630E-1,6.247470E-2
7.400485E0,-1.596793E-1,7.481312E-2
7.433820E0,-1.775080E-1,8.533682E-2
7.467156E0,-1.889952E-1,9.373207E-2
7.500491E0,-1.948042E-1,9.818894E-2
7.533827E0,-1.957784E-1,9.914921E-2
7.567162E0,-1.910779E-1,9.539477E-2
7.600498E0,-1.811740E-1,8.803095E-2
7.633833E0,-1.650438E-1,7.758593E-2
7.667169E0,-1.438360E-1,6.623899E-2
7.700504E0,-1.168472E-1,5.420948E-2
7.733840E0,-8.474443E-2,4.341289E-2
7.767176E0,-4.892087E-2,3.568245E-2
7.800511E0,-1.266007E-2,3.218519E-2
7.833847E0,2.698034E-2,3.256796E-2
7.867182E0,6.387635E-2,3.749666E-2
7.900518E0,9.919154E-2,4.622988E-2
7.933853E0,1.297284E-1,5.702888E-2
7.967189E0,1.564678E-1,6.953875E-2
8.000524E0,1.762812E-1,8.083455E-2
8.033860E0,1.913182E-1,9.065148E-2
8.067195E0,2.004461E-1,9.695500E-2
8.100531E0,2.040796E-1,9.961056E-2
8.133866E0,2.013943E-1,9.751497E-2
8.167202E0,1.930898E-1,9.163433E-2
8.200537E0,1.788573E-1,8.250182E-2
8.233873E0,1.593491E-1,7.108741E-2
8.267208E0,1.335516E-1,5.873955E-2
8.300544E0,1.040394E-1,4.779689E-2
8.333879E0,6.871868E-2,3.857879E-2
8.367215E0,3.201559E-2,3.321146E-2
8.400550E0,-4.378892E-3,3.191035E-2
8.433886E0,-4.157825E-2,3.470203E-2
8.467221E0,-7.886459E-2,4.196769E-2
8.500557E0,-1.103011E-1,5.153652E-2
8.533892E0,-1.377619E-1,6.278192E-2
8.567228E0,-1.595092E-1,7.467671E-2
8.600563E0,-1.763174E-1,8.494587E-2
8.633899E0,-1.871680E-1,9.251603E-2
8.667234E0,-1.929171E-1,9.669930E-2
8.700570E0,-1.930011E-1,9.666963E-2
8.733906E0,-1.875280E-1,9.270604E-2
8.767241E0,-1.771315E-1,8.540584E-2
8.800577E0,-1.607003E-1,7.514867E-2
8.833912E0,-1.388796E-1,6.369571E-2
8.867248E0,-1.117797E-1,5.202819E-2
8.900583E0,-7.954586E-2,4.224631E-2
8.933919E0,-4.459415E-2,3.508534E-2
8.967254E0,-4.999724E-3,3.204459E-2
9.000590E0,3.006112E-2,3.295532E-2
9.033925E0,6.706624E-2,3.810194E-2
9.067261E0,1.017509E-1,4.709121E-2
9.100596E0,1.312408E-1,5.756984E-2
9.133932E0,1.566728E-1,6.975939E-2
9.167267E0,1.761546E-1,8.069299E-2
9.200603E0,1.899350E-1,8.974252E-2
9.233938E0,1.982225E-1,9.561158E-2
9.267274E0,2.012409E-1,9.753759E-2
9.300609E0,1.982035E-1,9.553535E-2
9.333945E0,1.889569E-1,8.910615E-2
9.367280E0,1.746025E-1,7.997369E-2
9.400616E0,1.537795E-1,6.832807E-2
9.433951E0,1.279005E-1,5.642070E-2
9.467287E0,9.732974E-2,4.544003E-2
9.500622E0,6.452839E-2,3.756443E-2
9.533958E0,2.649787E-2,3.267069E-2
9.567293E0,-9.639749E-3,3.188495E-2
9.600629E0,-4.643841E-2,3.537629E-2
9.633964E0,-8.203215E-2,4.285810E-2
9.667300E0,-1.123489E-1,5.246317E-2
9.700636E0,-1.396047E-1,6.413869E-2
9.733971E0,-1.604306E-1,7.527520E-2
9.767307E0,-1.762278E-1,8.486241E-2
9.800642E0,-1.862887E-1,9.192014E-2
9.833978E0,-1.910762E-1,9.520293E-2
9.867313E0,-1.902703E-1,9.487705E-2
9.900649E0,-1.843523E-1,9.039206E-2
9.933984E0,-1.725933E-1,8.243710E-2
9.967320E0,-1.557111E-1,7.258636E-2
1.000066E1,-1.332050E-1,6.102474E-2
1.003399E1,-1.060461E-1,4.997620E-2
1.006733E1,-7.416933E-2,4.101896E-2
1.010066E1,-3.877214E-2,3.458236E-2
1.013400E1,-1.753311E-5,3.192344E-2
1.016733E1,3.613233E-2,3.381140E-2
1.020067E1,7.482272E-2,4.000154E-2
1.023400E1,1.077467E-1,4.925999E-2
1.026734E1,1.355069E-1,5.981813E-2
1.030067E1,1.579711E-1,7.053177E-2
1.033401E1,1.762955E-1,8.087953E-2
1.036735E1,1.889770E-1,8.960245E-2
1.040068E1,1.961004E-1,9.428668E-2
1.043402E1,1.981759E-1,9.564042E-2
1.046735E1,1.941755E-1,9.265805E-2
1.050069E1,1.847521E-1,8.662018E-2
1.053402E1,1.690082E-1,7.653209E-2
1.056736E1,1.483168E-1,6.587281E-2
1.060069E1,1.215965E-1,5.395834E-2
1.063403E1,9.010442E-2,4.344459E-2
1.066737E1,5.594737E-2,3.586629E-2
1.070070E1,2.156593E-2,3.214580E-2
1.073404E1,-1.559561E-2,3.223537E-2
1.076737E1,-5.268435E-2,3.640019E-2
1.080071E1,-8.635858E-2,4.415758E-2
1.083404E1,-1.161458E-1,5.428546E-2
1.086738E1,-1.410761E-1,6.518887E-2
1.090071E1,-1.611677E-1,7.592280E-2
1.093405E1,-1.756575E-1,8.449049E-2
1.096739E1,-1.848251E-1,9.088916E-2
1.100072E1,-1.885279E-1,9.385573E-2
1.103406E1,-1.870393E-1,9.264463E-2
1.106739E1,-1.802746E-1,8.778407E-2
1.110073E1,-1.677872E-1,7.966312E-2
1.113406E1,-1.499960E-1,6.965887E-2
1.116740E1,-1.264726E-1,5.854845E-2
1.120073E1,-9.824806E-2,4.753086E-2
1.123407E1,-6.581939E-2,3.897383E-2
1.126740E1,-2.969237E-2,3.347416E-2
1.130074E1,4.139553E-3,3.211842E-2
1.133408E1,4.182169E-2,3.451910E-2
1.136741E1,7.772625E-2,4.092036E-2
1.140075E1,1.098418E-1,5.025681E-2
1.143408E1,1.372027E-1,6.068838E-2
1.146742E1,1.602269E-1,7.208890E-2
1.150075E1,1.771550E-1,8.178471E-2
1.153409E1,1.885069E-1,8.916420E-2
1.156742E1,1.946939E-1,9.332370E-2
1.160076E1,1.949270E-1,9.344038E-2
1.163410E1,1.908440E-1,9.044372E-2
1.166743E1,1.814625E-1,8.438811E-2
1.170077E1,1.657619E-1,7.470199E-2
1.173410E1,1.481527E-1,6.621672E-2
1.176744E1,1.226974E-1,5.508690E-2
1.180077E1,9.251930E-2,4.484440E-2
1.183411E1,5.871532E-2,3.724879E-2
1.186744E1,2.366347E-2,3.349673E-2
1.190078E1,-1.125200E-2,3.263920E-2
1.193412E1,-5.003625E-2,3.705441E-2
1.196745E1,-8.348415E-2,4.395299E-2
1.200079E1,-1.131816E-1,5.376640E-2
1.203412E1,-1.383498E-1,6.387745E-2
1.206746E1,-1.591016E-1,7.477748E-2
1.210079E1,-1.746999E-1,8.391560E-2
1.213413E1,-1.832973E-1,8.974205E-2
1.216746E1,-1.870218E-1,9.266092E-2
1.220080E1,-1.857144E-1,9.164288E-2
1.223413E1,-1.788756E-1,8.678174E-2
1.226747E1,-1.663632E-1,7.895608E-2
1.230081E1,-1.487784E-1,6.935097E-2
1.233414E1,-1.262379E-1,5.865555E-2
1.236748E1,-9.871518E-2,4.840019E-2
1.240081E1,-6.686038E-2,3.946246E-2
1.243415E1,-3.223163E-2,3.509253E-2
1.246748E1,1.675136E-3,3.290932E-2
1.250082E1,4.049179E-2,3.553849E-2
1.253415E1,7.480469E-2,4.104696E-2
1.256749E1,1.063704E-1,4.975744E-2
1.260083E1,1.340382E-1,5.921952E-2
1.263416E1,1.553973E-1,6.940619E-2
1.266750E1,1.714632E-1,7.841460E-2
1.270083E1,1.821148E-1,8.494520E-2
1.273417E1,1.911598E-1,9.070399E-2
1.276750E1,1.919614E-1,9.109619E-2
1.280084E1,1.873017E-1,8.812774E-2
1.283417E1,1.767365E-1,8.141178E-2
1.286751E1,1.617522E-1,7.285350E-2
1.290085E1,1.410726E-1,6.240279E-2
1.293418E1,1.145382E-1,5.192023E-2
1.296752E1,8.395425E-2,4.242470E-2
1.300085E1,5.003450E-2,3.606232E-2
1.303419E1,1.417032E-2,3.368618E-2
1.306752E1,-2.237427E-2,3.386116E-2
1.310086E1,-5.736793E-2,3.740677E-2
1.313419E1,-8.944150E-2,4.514412E-2
1.316753E1,-1.178462E-1,5.445663E-2
1.320086E1,-1.412694E-1,6.435016E-2
1.323420E1,-1.587332E-1,7.339430E-2
1.326754E1,-1.713671E-1,8.049290E-2
1.330087E1,-1.812390E-1,8.722756E-2
1.333421E1,-1.841833E-1,8.926890E-2
1.336754E1,-1.815713E-1,8.743866E-2
1.340088E1,-1.731118E-1,8.205545E-2
1.343421E1,-1.599953E-1,7.471058E-2
1.346755E1,-1.419150E-1,6.516760E-2
1.350088E1,-1.182082E-1,5.501048E-2
1.353422E1,-8.988790E-2,4.532942E-2
1.356756E1,-5.805654E-2,3.785709E-2
1.360089E1,-2.319838E-2,3.393920E-2
1.363423E1,1.284965E-2,3.348967E-2
1.366756E1,4.843232E-2,3.595292E-2
1.370090E1,8.161551E-2,4.239475E-2
1.373423E1,1.116313E-1,5.139397E-2
1.376757E1,1.376845E-1,6.098267E-2
1.380090E1,1.577829E-1,7.027696E-2
1.383424E1,1.721552E-1,7.827837E-2
1.386758E1,1.815472E-1,8.445761E-2
1.390091E1,1.888917E-1,8.895942E-2
1.393425E1,1.885716E-1,8.893050E-2
1.396758E1,1.820941E-1,8.474906E-2
1.400092E1,1.709117E-1,7.771065E-2
1.403425E1,1.547080E-1,6.910831E-2
1.406759E1,1.328639E-1,5.877289E-2
1.410092E1,1.058300E-1,4.873228E-2
1.413426E1,7.439158E-2,3.991527E-2
1.416759E1,4.038036E-2,3.504708E-2
1.420093E1,-3.797506E-3,3.280361E-2
1.423427E1,-3.092722E-2,3.487442E-2
1.426760E1,-6.470910E-2,3.865556E-2
1.430094E1,-9.569435E-2,4.647274E-2
1.433427E1,-1.225372E-1,5.617238E-2
1.436761E1,-1.439549E-1,6.602656E-2
1.440094E1,-1.606214E-1,7.451440E-2
1.443428E1,-1.739878E-1,8.289257E-2
1.446761E1,-1.807294E-1,8.703026E-2
1.450095E1,-1.823030E-1,8.812771E-2
1.453429E1,-1.780639E-1,8.547308E-2
1.456762E1,-1.687710E-1,7.987652E-2
1.460096E1,-1.539514E-1,7.183412E-2
1.463429E1,-1.344885E-1,6.191027E-2
1.466763E1,-1.100161E-1,5.191063E-2
1.470096E1,-8.107516E-2,4.308049E-2
1.473430E1,-4.836625E-2,3.664902E-2
1.476763E1,-1.138743E-2,3.259520E-2
1.480097E1,2.265053E-2,3.337062E-2
1.483431E1,5.656462E-2,3.688649E-2
1.486764E1,8.927719E-2,4.356956E-2
1.490098E1,1.178962E-1,5.270428E-2
1.493431E1,1.418400E-1,6.240256E-2
1.496765E1,1.599281E-1,7.134575E-2
1.500098E1,1.727326E-1,7.875676E-2
1.503432E1,1.803907E-1,8.370301E-2
1.506765E1,1.831911E-1,8.596112E-2
1.510099E1,1.817480E-1,8.473490E-2
1.513432E1,1.753814E-1,8.033902E-2
1.516766E1,1.636031E-1,7.353765E-2
1.520100E1,1.464567E-1,6.478694E-2
1.523433E1,1.235932E-1,5.477851E-2
1.526767E1,9.580578E-2,4.566238E-2
1.530100E1,6.442461E-2,3.782792E-2
1.533434E1,2.962114E-2,3.382479E-2
1.536767E1,-8.501145E-3,3.196248E-2
1.540101E1,-4.002269E-2,3.547816E-2
1.543434E1,-7.268842E-2,4.060636E-2
1.546768E1,-1.023941E-1,4.913315E-2
1.550102E1,-1.276208E-1,5.837170E-2
1.553435E1,-1.478942E-1,6.783868E-2
1.556769E1,-1.647158E-1,7.741049E-2
1.560102E1,-1.748838E-1,8.359604E-2
1.563436E1,-1.794967E-1,8.652216E-2
1.566769E1,-1.793468E-1,8.634256E-2
1.570103E1,-1.736094E-1,8.238912E-2
1.573436E1,-1.633245E-1,7.658767E-2
1.576770E1,-1.470114E-1,6.782678E-2
1.580104E1,-1.261420E-1,5.813417E-2
1.583437E1,-1.005977E-1,4.863701E-2
1.586771E1,-7.077210E-2,4.033992E-2
1.590104E1,-3.814842E-2,3.543344E-2
1.593438E1,-5.186310E-3,3.232609E-2
1.596771E1,3.142453E-2,3.415130E-2
1.600105E1,6.542075E-2,3.840569E-2
1.603438E1,9.628679E-2,4.581086E-2
1.606772E1,1.234365E-1,5.484345E-2
1.610105E1,1.452442E-1,6.434858E-2
1.613439E1,1.617671E-1,7.252699E-2
1.616773E1,1.731388E-1,7.937948E-2
1.620106E1,1.794594E-1,8.329192E-2
1.623440E1,1.808649E-1,8.425282E-2
1.626773E1,1.781374E-1,8.229229E-2
1.630107E1,1.704080E-1,7.747308E-2
1.633440E1,1.571396E-1,7.024513E-2
1.636774E1,1.384800E-1,6.131332E-2
1.640107E1,1.142953E-1,5.185621E-2
1.643441E1,8.552892E-2,4.284321E-2
1.646775E1,5.327236E-2,3.647335E-2
1.650108E1,1.954061E-2,3.326498E-2
1.653442E1,-1.237040E-2,3.265019E-2
1.656775E1,-4.920118E-2,3.650075E-2
1.660109E1,-8.090331E-2,4.297940E-2
1.663442E1,-1.088733E-1,5.156998E-2
1.666776E1,-1.324627E-1,6.100797E-2
1.670109E1,-1.518805E-1,7.073709E-2
1.673443E1,-1.662529E-1,7.861634E-2
1.676777E1,-1.741616E-1,8.308599E-2
1.680110E1,-1.778951E-1,8.567516E-2
1.683444E1,-1.761724E-1,8.444523E-2
1.686777E1,-1.690471E-1,8.015759E-2
1.690111E1,-1.549537E-1,7.190452E-2
1.693444E1,-1.369368E-1,6.246335E-2
1.696778E1,-1.113801E-1,5.176192E-2
1.700111E1,-8.435428E-2,4.332291E-2
1.703445E1,-5.240972E-2,3.588930E-2
1.706778E1,-1.938244E-2,3.218678E-2
1.710112E1,1.515534E-2,3.175342E-2
1.713446E1,4.921766E-2,3.515917E-2
1.716779E1,8.175703E-2,4.157012E-2
1.720113E1,1.114167E-1,5.075005E-2
1.723446E1,1.352063E-1,5.996113E-2
1.726780E1,1.546351E-1,6.918280E-2
1.730113E1,1.703575E-1,7.764445E-2
1.733447E1,1.797415E-1,8.355559E-2
1.736780E1,1.832736E-1,8.564084E-2
1.740114E1,1.819063E-1,8.502948E-2
1.743448E1,1.748992E-1,8.068187E-2
1.746781E1,1.622320E-1,7.345344E-2
1.750115E1,1.448295E-1,6.459820E-2
1.753448E1,1.222715E-1,5.483867E-2
1.756782E1,9.547678E-2,4.558819E-2
1.760115E1,6.440000E-2,3.799582E-2
1.763449E1,3.200459E-2,3.345363E-2
1.766782E1,-1.197645E-4,3.213606E-2
1.770116E1,-3.425513E-2,3.408367E-2
1.773450E1,-6.601250E-2,3.897998E-2
1.776783E1,-9.567713E-2,4.693446E-2
1.780117E1,-1.212237E-1,5.625422E-2
1.783450E1,-1.421096E-1,6.554404E-2
1.786784E1,-1.575663E-1,7.399996E-2
1.790117E1,-1.682740E-1,8.015332E-2
1.793451E1,-1.739212E-1,8.347704E-2
1.796784E1,-1.739988E-1,8.382854E-2
1.800118E1,-1.697368E-1,8.092969E-2
1.803451E1,-1.599262E-1,7.519537E-2
1.806785E1,-1.450364E-1,6.709376E-2
1.810119E1,-1.245127E-1,5.784567E-2
1.813452E1,-9.969763E-2,4.824925E-2
1.816786E1,-7.104450E-2,4.031657E-2
1.820119E1,-4.051605E-2,3.530250E-2
1.823453E1,-6.285173E-3,3.276608E-2
1.826786E1,2.752306E-2,3.343513E-2
1.830120E1,5.912371E-2,3.708797E-2
1.833453E1,9.030800E-2,4.396552E-2
1.836787E1,1.179051E-1,5.323360E-2
1.840121E1,1.397605E-1,6.231597E-2
1.843454E1,1.582713E-1,7.123917E-2
1.846788E1,1.713330E-1,7.840192E-2
1.850121E1,1.786080E-1,8.305898E-2
1.853455E1,1.806192E-1,8.453009E-2
1.856788E1,1.780224E-1,8.277861E-2
1.860122E1,1.690881E-1,7.708126E-2
1.863455E1,1.553624E-1,6.969466E-2
1.866789E1,1.368107E-1,6.061181E-2
1.870123E1,1.129347E-1,5.138093E-2
1.873456E1,8.384738E-2,4.259141E-2
1.876790E1,5.286553E-2,3.606005E-2
1.880123E1,1.968717E-2,3.255614E-2
1.883457E1,-1.438772E-2,3.272980E-2
1.886790E1,-4.572429E-2,3.597021E-2
1.890124E1,-7.567006E-2,4.184611E-2
1.893457E1,-1.032984E-1,4.960008E-2
1.896791E1,-1.272636E-1,5.908711E-2
1.900124E1,-1.459338E-1,6.795506E-2
1.903458E1,-1.595503E-1,7.531113E-2
1.906792E1,-1.683807E-1,8.037202E-2
1.910125E1,-1.724005E-1,8.259468E-2
1.913459E1,-1.707697E-1,8.181592E-2
1.916792E1,-1.646419E-1,7.821289E-2
1.920126E1,-1.532024E-1,7.175086E-2
1.923459E1,-1.363104E-1,6.297120E-2
1.926793E1,-1.148500E-1,5.408945E-2
1.930126E1,-8.851738E-2,4.520781E-2
1.933460E1,-6.012024E-2,3.833238E-2
1.936794E1,-2.715143E-2,3.366089E-2
1.940127E1,4.792003E-3,3.274592E-2
1.943461E1,4.103145E-2,3.500455E-2
1.946794E1,7.255616E-2,4.010527E-2
1.950128E1,1.012897E-1,4.778361E-2
1.953461E1,1.241774E-1,5.557186E-2
1.956795E1,1.447986E-1,6.476685E-2
1.960128E1,1.618491E-1,7.327468E-2
1.963462E1,1.725660E-1,7.932783E-2
1.966796E1,1.775009E-1,8.239184E-2
1.970129E1,1.774375E-1,8.240950E-2
1.973463E1,1.726481E-1,7.923865E-2
1.976796E1,1.623098E-1,7.337383E-2
1.980130E1,1.472630E-1,6.579971E-2
1.983463E1,1.254830E-1,5.571691E-2
1.986797E1,1.023391E-1,4.780700E-2
1.990130E1,7.237623E-2,3.992683E-2
1.993464E1,4.103843E-2,3.476217E-2
1.996797E1,6.969783E-3,3.257433E-2
2.000131E1,-2.473837E-2,3.342320E-2
2.003465E1,-5.567593E-2,3.725242E-2
2.006798E1,-8.597736E-2,4.470066E-2
2.010132E1,-1.114198E-1,5.301826E-2
2.013465E1,-1.333704E-1,6.203388E-2
2.016799E1,-1.498477E-1,7.035727E-2
2.020132E1,-1.617174E-1,7.709769E-2
2.023466E1,-1.687628E-1,8.116538E-2
2.026799E1,-1.702628E-1,8.203554E-2
2.030133E1,-1.671046E-1,8.005817E-2
2.033467E1,-1.586562E-1,7.526961E-2
2.036800E1,-1.456451E-1,6.818156E-2
2.040134E1,-1.271508E-1,5.941571E-2
2.043467E1,-1.037259E-1,5.051198E-2
2.046801E1,-7.650918E-2,4.243638E-2
2.050134E1,-4.515002E-2,3.606501E-2
2.053468E1,-1.355773E-2,3.266954E-2
2.056801E1,2.115963E-2,3.271694E-2
2.060135E1,5.058109E-2,3.583911E-2
2.063469E1,8.146200E-2,4.182334E-2
2.066802E1,1.092865E-1,4.998436E-2
2.070136E1,1.330132E-1,5.907455E-2
2.073469E1,1.517466E-1,6.808992E-2
2.076803E1,1.650889E-1,7.456243E-2
2.080136E1,1.738428E-1,7.995228E-2
2.083470E1,1.773069E-1,8.225155E-2
2.086803E1,1.749346E-1,8.099070E-2
2.090137E1,1.679433E-1,7.648615E-2
2.093470E1,1.557655E-1,6.960607E-2
2.096804E1,1.387425E-1,6.137068E-2
2.100138E1,1.163047E-1,5.236352E-2
2.103471E1,8.855489E-2,4.344570E-2
2.106805E1,5.902057E-2,3.687132E-2
2.110138E1,2.958235E-2,3.336912E-2
2.113472E1,-4.694971E-3,3.252648E-2
2.116805E1,-3.676420E-2,3.465468E-2
2.120139E1,-6.688520E-2,3.957419E-2
2.123472E1,-9.367477E-2,4.643200E-2
2.126806E1,-1.190219E-1,5.568114E-2
2.130140E1,-1.379803E-1,6.389908E-2
2.133473E1,-1.530282E-1,7.166175E-2
2.136807E1,-1.626258E-1,7.725492E-2
2.140140E1,-1.676281E-1,8.013261E-2
2.143474E1,-1.676149E-1,8.005171E-2
2.146807E1,-1.624168E-1,7.707860E-2
2.150141E1,-1.521792E-1,7.167623E-2
2.153474E1,-1.371972E-1,6.364931E-2
2.156808E1,-1.173749E-1,5.547429E-2
2.160142E1,-9.214878E-2,4.639446E-2
2.163475E1,-6.535560E-2,3.954158E-2
2.166809E1,-3.448735E-2,3.467987E-2
2.170142E1,-1.446852E-3,3.267626E-2
2.173476E1,3.417701E-2,3.383270E-2
2.176809E1,6.510725E-2,3.849165E-2
2.180143E1,9.201651E-2,4.470995E-2
2.183476E1,1.166790E-1,5.272245E-2
2.186810E1,1.385717E-1,6.149127E-2
2.190143E1,1.548425E-1,6.910683E-2
2.193477E1,1.660089E-1,7.506868E-2
2.196811E1,1.731269E-1,7.928280E-2
2.200144E1,1.735093E-1,7.941602E-2
2.203478E1,1.705085E-1,7.765475E-2
2.206811E1,1.605440E-1,7.214473E-2
2.210145E1,1.476474E-1,6.584987E-2
2.213478E1,1.282572E-1,5.683269E-2
2.216812E1,1.037282E-1,4.801241E-2
2.220145E1,7.592809E-2,4.040599E-2
2.223479E1,4.561498E-2,3.508883E-2
2.226813E1,1.386008E-2,3.223208E-2
2.230146E1,-1.600806E-2,3.247757E-2
2.233480E1,-4.772794E-2,3.605894E-2
2.236813E1,-7.780499E-2,4.230659E-2
2.240147E1,-1.041846E-1,5.013348E-2
2.243480E1,-1.258412E-1,5.838141E-2
2.246814E1,-1.433191E-1,6.649570E-2
2.250147E1,-1.560063E-1,7.331616E-2
2.253481E1,-1.635106E-1,7.748474E-2
2.256815E1,-1.662677E-1,7.893915E-2
2.260148E1,-1.638935E-1,7.755821E-2
2.263482E1,-1.567707E-1,7.350359E-2
2.266815E1,-1.448754E-1,6.698259E-2
2.270149E1,-1.277668E-1,5.897702E-2
2.273482E1,-1.062293E-1,5.057567E-2
2.276816E1,-7.998369E-2,4.299797E-2
2.280149E1,-5.039333E-2,3.638863E-2
2.283483E1,-2.014468E-2,3.294876E-2
2.286816E1,1.464651E-2,3.231697E-2
2.290150E1,4.484400E-2,3.501000E-2
2.293484E1,7.576591E-2,4.070116E-2
2.296817E1,1.018347E-1,4.774794E-2
2.300151E1,1.256384E-1,5.593794E-2
2.303484E1,1.444876E-1,6.451836E-2
2.306818E1,1.593624E-1,7.165827E-2
2.310151E1,1.678682E-1,7.638127E-2
2.313485E1,1.724624E-1,7.915753E-2
2.316818E1,1.714555E-1,7.886770E-2
2.320152E1,1.655273E-1,7.489181E-2
2.323486E1,1.543328E-1,6.889665E-2
2.326819E1,1.381556E-1,6.133249E-2
2.330153E1,1.165420E-1,5.261642E-2
2.333486E1,9.282297E-2,4.469342E-2
2.336820E1,6.471274E-2,3.826127E-2
2.340153E1,3.188984E-2,3.364812E-2
2.343487E1,-2.449804E-4,3.253921E-2
2.346820E1,-2.902055E-2,3.357836E-2
2.350154E1,-6.120151E-2,3.842836E-2
2.353488E1,-8.819716E-2,4.486485E-2
2.356821E1,-1.121469E-1,5.305815E-2
2.360155E1,-1.321361E-1,6.094468E-2
2.363488E1,-1.465893E-1,6.812317E-2
2.366822E1,-1.576178E-1,7.439137E-2
2.370155E1,-1.632179E-1,7.749593E-2
2.373489E1,-1.636837E-1,7.752420E-2
2.376822E1,-1.591715E-1,7.485415E-2
2.380156E1,-1.503760E-1,7.026889E-2
2.383489E1,-1.358374E-1,6.265631E-2
2.386823E1,-1.173424E-1,5.507178E-2
2.390157E1,-9.317921E-2,4.631377E-2
2.393490E1,-6.709663E-2,3.963828E-2
2.396824E1,-3.737844E-2,3.464162E-2
2.400157E1,-6.309879E-3,3.251958E-2
2.403491E1,2.911247E-2,3.323721E-2
2.406824E1,5.751492E-2,3.676332E-2
2.410158E1,8.609315E-2,4.310429E-2
2.413491E1,1.115942E-1,5.094444E-2
2.416825E1,1.325836E-1,5.858254E-2
2.420159E1,1.502973E-1,6.721192E-2
2.423492E1,1.620808E-1,7.316396E-2
2.426826E1,1.684402E-1,7.644492E-2
2.430159E1,1.706417E-1,7.771877E-2
2.433493E1,1.679014E-1,7.631748E-2
2.436826E1,1.597175E-1,7.184114E-2
2.440160E1,1.455994E-1,6.470770E-2
2.443493E1,1.282009E-1,5.679599E-2
2.446827E1,1.054140E-1,4.867777E-2
2.450161E1,8.012717E-2,4.142249E-2
2.453494E1,4.865487E-2,3.542179E-2
2.456828E1,1.733192E-2,3.234759E-2
2.460161E1,-1.340022E-2,3.252378E-2
2.463495E1,-4.294520E-2,3.544729E-2
2.466828E1,-7.205565E-2,4.088671E-2
2.470162E1,-9.750982E-2,4.760920E-2
2.473495E1,-1.201384E-1,5.621135E-2
2.476829E1,-1.375710E-1,6.362904E-2
2.480162E1,-1.504770E-1,7.054156E-2
2.483496E1,-1.582427E-1,7.490034E-2
2.486830E1,-1.619133E-1,7.695685E-2
2.490163E1,-1.605580E-1,7.589120E-2
2.493497E1,-1.536172E-1,7.198415E-2
2.496830E1,-1.427405E-1,6.625125E-2
2.500164E1,-1.261040E-1,5.848886E-2
2.503497E1,-1.052194E-1,5.032101E-2
2.506831E1,-7.923523E-2,4.250290E-2
2.510164E1,-5.042681E-2,3.595283E-2
2.513498E1,-2.034717E-2,3.228028E-2
2.516832E1,1.165399E-2,3.171696E-2
2.520165E1,4.336350E-2,3.444799E-2
2.523499E1,7.335117E-2,3.981997E-2
2.526832E1,9.854602E-2,4.615078E-2
2.530166E1,1.210010E-1,5.387226E-2
2.533499E1,1.395828E-1,6.152475E-2
2.536833E1,1.546029E-1,6.900080E-2
2.540166E1,1.635777E-1,7.348418E-2
2.543500E1,1.683648E-1,7.639006E-2
2.546834E1,1.682331E-1,7.633109E-2
2.550167E1,1.636113E-1,7.342354E-2
2.553501E1,1.537331E-1,6.825409E-2
2.556834E1,1.390058E-1,6.141786E-2
2.560168E1,1.229810E-1,5.510840E-2
2.563501E1,1.000774E-1,4.723950E-2
2.566835E1,7.328644E-2,3.992033E-2
2.570168E1,4.374085E-2,3.531589E-2
2.573502E1,1.245426E-2,3.321478E-2
2.576835E1,-1.879560E-2,3.360280E-2
2.580169E1,-4.891525E-2,3.680952E-2
2.583503E1,-7.674140E-2,4.231682E-2
2.586836E1,-1.016824E-1,4.927135E-2
2.590170E1,-1.229443E-1,5.767811E-2
2.593503E1,-1.402570E-1,6.542898E-2
2.596837E1,-1.520271E-1,7.112517E-2
2.600170E1,-1.587216E-1,7.467321E-2
2.603504E1,-1.608195E-1,7.606551E-2
2.606837E1,-1.579640E-1,7.462828E-2
2.610171E1,-1.504066E-1,7.060422E-2
2.613505E1,-1.376266E-1,6.382091E-2
2.616838E1,-1.208768E-1,5.679219E-2
2.620172E1,-9.962586E-2,4.896336E-2
2.623505E1,-7.429191E-2,4.183117E-2
2.626839E1,-4.597032E-2,3.652056E-2
2.630172E1,-1.227831E-2,3.261391E-2
2.633506E1,1.586957E-2,3.306777E-2
2.636839E1,4.654489E-2,3.574846E-2
2.640173E1,7.507649E-2,4.070777E-2
2.643507E1,1.014065E-1,4.742495E-2
2.646840E1,1.230569E-1,5.470811E-2
2.650174E1,1.398890E-1,6.218895E-2
2.653507E1,1.521996E-1,6.830915E-2
2.656841E1,1.599978E-1,7.188395E-2
2.660174E1,1.661945E-1,7.479761E-2
2.663508E1,1.647868E-1,7.406134E-2
2.666841E1,1.575376E-1,7.064321E-2
2.670175E1,1.469293E-1,6.535775E-2
2.673508E1,1.315238E-1,5.804573E-2
2.676842E1,1.111002E-1,5.035865E-2
2.680176E1,8.655839E-2,4.316408E-2
2.683509E1,5.860051E-2,3.712686E-2
2.686843E1,2.848219E-2,3.372795E-2
2.690176E1,-4.043809E-3,3.257188E-2
2.693510E1,-3.307295E-2,3.479144E-2
2.696843E1,-6.201746E-2,3.863485E-2
2.700177E1,-8.849150E-2,4.516565E-2
2.703510E1,-1.114234E-1,5.267524E-2
2.706844E1,-1.297696E-1,5.973106E-2
2.710178E1,-1.440178E-1,6.655413E-2
2.713511E1,-1.537849E-1,7.183024E-2
2.716845E1,-1.584252E-1,7.455220E-2
2.720178E1,-1.582686E-1,7.454155E-2
2.723512E1,-1.532403E-1,7.186033E-2
2.726845E1,-1.432622E-1,6.658375E-2
2.730179E1,-1.286792E-1,5.974625E-2
2.733512E1,-1.097687E-1,5.204767E-2
2.736846E1,-8.661507E-2,4.482840E-2
2.740180E1,-6.004501E-2,3.839270E-2
2.743513E1,-3.117609E-2,3.487478E-2
2.746847E1,-2.472258E-3,3.287321E-2
2.750180E1,3.055651E-2,3.369177E-2
2.753514E1,6.004014E-2,3.719355E-2
2.756847E1,8.747669E-2,4.325370E-2
2.760181E1,1.110916E-1,5.087587E-2
2.763514E1,1.302316E-1,5.753126E-2
2.766848E1,1.448409E-1,6.422629E-2
2.770181E1,1.549754E-1,6.908146E-2
2.773515E1,1.631413E-1,7.346567E-2
2.776849E1,1.635573E-1,7.354493E-2
2.780182E1,1.605416E-1,7.176796E-2
2.783516E1,1.518572E-1,6.745610E-2
2.786849E1,1.386398E-1,6.141477E-2
2.790183E1,1.205816E-1,5.404000E-2
2.793516E1,9.819283E-2,4.638180E-2
2.796850E1,7.235257E-2,3.975075E-2
2.800183E1,4.331588E-2,3.531067E-2
2.803517E1,1.279094E-2,3.313249E-2
2.806851E1,-1.755531E-2,3.340647E-2
2.810184E1,-4.716399E-2,3.630259E-2
2.813518E1,-7.442662E-2,4.194593E-2
2.816851E1,-9.897916E-2,4.838505E-2
2.820185E1,-1.199868E-1,5.635948E-2
2.823518E1,-1.366079E-1,6.330367E-2
2.826852E1,-1.480275E-1,6.877166E-2
2.830185E1,-1.552907E-1,7.265796E-2
2.833519E1,-1.576715E-1,7.404533E-2
2.836853E1,-1.549766E-1,7.261008E-2
2.840186E1,-1.473101E-1,6.868534E-2
2.843520E1,-1.345777E-1,6.199928E-2
2.846853E1,-1.181982E-1,5.519993E-2
2.850187E1,-9.762222E-2,4.792583E-2
2.853520E1,-7.257917E-2,4.111620E-2
2.856854E1,-4.484725E-2,3.609579E-2
2.860187E1,-1.244294E-2,3.241953E-2
2.863521E1,1.552808E-2,3.294291E-2
2.866854E1,4.524204E-2,3.539134E-2
2.870188E1,7.342075E-2,4.023893E-2
2.873522E1,9.891090E-2,4.640223E-2
2.876855E1,1.202636E-1,5.374088E-2
2.880189E1,1.366048E-1,6.031762E-2
2.883522E1,1.488190E-1,6.613776E-2
2.886856E1,1.604208E-1,7.175317E-2
2.890189E1,1.634202E-1,7.330677E-2
2.893523E1,1.609839E-1,7.218804E-2
2.896856E1,1.550029E-1,6.905423E-2
2.900190E1,1.447387E-1,6.434781E-2
2.903524E1,1.287631E-1,5.686845E-2
2.906857E1,1.085340E-1,4.945247E-2
2.910191E1,8.434820E-2,4.285867E-2
2.913524E1,5.694525E-2,3.693137E-2
2.916858E1,2.757800E-2,3.359827E-2
2.920191E1,-3.993564E-3,3.257384E-2
2.923525E1,-3.281517E-2,3.472538E-2
2.926858E1,-6.099407E-2,3.846600E-2
2.930192E1,-8.657121E-2,4.480304E-2
2.933526E1,-1.086139E-1,5.175567E-2
2.936859E1,-1.262059E-1,5.837109E-2
2.940193E1,-1.416700E-1,6.609613E-2
2.943526E1,-1.505700E-1,7.029706E-2
2.946860E1,-1.551029E-1,7.293941E-2
2.950193E1,-1.548310E-1,7.302028E-2
2.953527E1,-1.492704E-1,6.991151E-2
2.956860E1,-1.397955E-1,6.512808E-2
2.960194E1,-1.252636E-1,5.853386E-2
2.963527E1,-1.066705E-1,5.129527E-2
2.966861E1,-8.386128E-2,4.421220E-2
2.970195E1,-5.790720E-2,3.814262E-2
2.973528E1,-2.936943E-2,3.482933E-2
2.976862E1,-2.110316E-3,3.289662E-2
2.980195E1,3.069282E-2,3.404133E-2
2.983529E1,5.917998E-2,3.742093E-2
2.986862E1,8.594530E-2,4.348082E-2
2.990196E1,1.086040E-1,5.049394E-2
2.993529E1,1.275445E-1,5.696707E-2
2.996863E1,1.416988E-1,6.309488E-2
3.000197E1,1.511349E-1,6.762639E-2
3.003530E1,1.597162E-1,7.184773E-2
3.006864E1,1.602886E-1,7.200651E-2
3.010197E1,1.572718E-1,7.012631E-2
3.013531E1,1.480297E-1,6.592019E-2
3.016864E1,1.350324E-1,5.990865E-2
3.020198E1,1.169112E-1,5.275881E-2
3.023531E1,9.503724E-2,4.516101E-2
3.026865E1,6.938805E-2,3.917113E-2
3.030199E1,4.119107E-2,3.514187E-2
3.033532E1,1.138165E-2,3.304058E-2
3.036866E1,-1.854097E-2,3.346810E-2
3.040199E1,-4.724755E-2,3.624391E-2
3.043533E1,-7.377392E-2,4.159171E-2
3.046866E1,-9.766731E-2,4.808324E-2
3.050200E1,-1.172383E-1,5.568199E-2
3.053533E1,-1.342306E-1,6.237574E-2
3.056867E1,-1.452133E-1,6.787236E-2
3.060200E1,-1.517414E-1,7.150248E-2
3.063534E1,-1.536969E-1,7.237914E-2
3.066868E1,-1.505464E-1,7.089480E-2
3.070201E1,-1.431114E-1,6.674085E-2
3.073535E1,-1.311507E-1,6.078778E-2
3.076868E1,-1.144696E-1,5.428749E-2
3.080202E1,-9.383500E-2,4.700292E-2
3.083535E1,-6.918720E-2,4.045286E-2
3.086869E1,-4.212021E-2,3.598576E-2
3.090202E1,-1.088430E-2,3.270097E-2
3.093536E1,1.690427E-2,3.301905E-2
3.096870E1,4.593830E-2,3.563316E-2
3.100203E1,7.328939E-2,4.040116E-2
3.103537E1,9.767626E-2,4.640959E-2
3.106870E1,1.182364E-1,5.341738E-2
3.110204E1,1.341411E-1,5.954929E-2
3.113537E1,1.458780E-1,6.502533E-2
3.116871E1,1.531015E-1,6.836854E-2
3.120204E1,1.589582E-1,7.115404E-2
3.123538E1,1.567221E-1,7.002865E-2
3.126872E1,1.497635E-1,6.672207E-2
3.130205E1,1.399214E-1,6.199518E-2
3.133539E1,1.241148E-1,5.501721E-2
3.136872E1,1.044945E-1,4.827391E-2
3.140206E1,8.004838E-2,4.169214E-2
3.143539E1,5.336927E-2,3.643081E-2
3.146873E1,2.506045E-2,3.343131E-2
3.150206E1,-5.194974E-3,3.250754E-2
3.153540E1,-3.415487E-2,3.491030E-2
3.156873E1,-6.157197E-2,3.853461E-2
3.160207E1,-8.630452E-2,4.468376E-2
3.163541E1,-1.079141E-1,5.144836E-2
3.166874E1,-1.258009E-1,5.845463E-2
3.170208E1,-1.400078E-1,6.488725E-2
3.173541E1,-1.481457E-1,6.929922E-2
3.176875E1,-1.514853E-1,7.071519E-2
3.180208E1,-1.510290E-1,7.055081E-2
3.183542E1,-1.457652E-1,6.776871E-2
3.186875E1,-1.352649E-1,6.259998E-2
3.190209E1,-1.212513E-1,5.676662E-2
3.193543E1,-1.023460E-1,4.953060E-2
3.196876E1,-7.966175E-2,4.295410E-2
3.200210E1,-5.385950E-2,3.742466E-2
3.203543E1,-2.595361E-2,3.395372E-2
3.206877E1,-1.067668E-3,3.280007E-2
3.210210E1,3.299812E-2,3.416253E-2
3.213544E1,6.088708E-2,3.755075E-2
3.216877E1,8.637602E-2,4.321847E-2
3.220211E1,1.085411E-1,4.990339E-2
3.223545E1,1.264417E-1,5.616035E-2
3.226878E1,1.401590E-1,6.201426E-2
3.230212E1,1.522855E-1,6.804407E-2
3.233545E1,1.576010E-1,7.094412E-2
3.236879E1,1.579590E-1,7.096144E-2
3.240212E1,1.530875E-1,6.829306E-2
3.243546E1,1.434289E-1,6.390659E-2
3.246879E1,1.304894E-1,5.783970E-2
3.250213E1,1.125207E-1,5.129756E-2
3.253546E1,9.060708E-2,4.422026E-2
3.256880E1,6.546229E-2,3.799081E-2
3.260214E1,3.739506E-2,3.461139E-2
3.263547E1,8.198158E-3,3.301142E-2
3.266881E1,-2.096984E-2,3.351167E-2
3.270214E1,-4.882151E-2,3.652383E-2
3.273548E1,-7.432726E-2,4.171279E-2
3.276881E1,-9.732988E-2,4.791659E-2
3.280215E1,-1.161113E-1,5.492967E-2
3.283548E1,-1.301028E-1,6.045367E-2
3.286882E1,-1.420225E-1,6.597615E-2
3.290216E1,-1.482098E-1,6.926333E-2
3.293549E1,-1.499162E-1,7.022562E-2
3.296883E1,-1.465072E-1,6.847376E-2
3.300216E1,-1.387921E-1,6.457915E-2
3.303550E1,-1.263758E-1,5.871077E-2
3.306883E1,-1.095878E-1,5.247102E-2
3.310217E1,-8.898738E-2,4.563637E-2
3.313550E1,-6.447917E-2,3.927534E-2
3.316884E1,-3.776840E-2,3.531815E-2
3.320218E1,-8.283410E-3,3.276366E-2
3.323551E1,2.012202E-2,3.308724E-2
3.326885E1,4.854201E-2,3.586761E-2
3.330218E1,7.484569E-2,4.061382E-2
3.333552E1,9.871769E-2,4.646384E-2
3.336885E1,1.181358E-1,5.303572E-2
3.340219E1,1.332729E-1,5.913116E-2
3.343552E1,1.438270E-1,6.398018E-2
3.346886E1,1.533546E-1,6.831363E-2
3.350219E1,1.561263E-1,6.976306E-2
3.353553E1,1.534216E-1,6.836120E-2
3.356887E1,1.467519E-1,6.518449E-2
3.360220E1,1.354385E-1,5.972860E-2
3.363554E1,1.195447E-1,5.346783E-2
3.366887E1,9.932869E-2,4.656929E-2
3.370221E1,7.515088E-2,4.045455E-2
3.373554E1,4.887228E-2,3.593947E-2
3.376888E1,2.069067E-2,3.308495E-2
3.380221E1,-8.128540E-3,3.249139E-2
3.383555E1,-3.669727E-2,3.516384E-2
3.386889E1,-6.306639E-2,3.900143E-2
3.390222E1,-8.678590E-2,4.487887E-2
3.393556E1,-1.073273E-1,5.140690E-2
3.396889E1,-1.247671E-1,5.819861E-2
3.400223E1,-1.374680E-1,6.389224E-2
3.403556E1,-1.451764E-1,6.775968E-2
3.406890E1,-1.483708E-1,6.930673E-2
3.410223E1,-1.475196E-1,6.898621E-2
3.413557E1,-1.418360E-1,6.618474E-2
3.416891E1,-1.309392E-1,6.104819E-2
3.420224E1,-1.162987E-1,5.501504E-2
3.423558E1,-9.732765E-2,4.794335E-2
3.426891E1,-7.447676E-2,4.176491E-2
3.430225E1,-4.899311E-2,3.681697E-2
3.433558E1,-2.125652E-2,3.396319E-2
3.436892E1,7.492605E-3,3.285664E-2
3.440225E1,3.616665E-2,3.455183E-2
3.443559E1,6.307232E-2,3.805078E-2
3.446892E1,8.756912E-2,4.349928E-2
3.450226E1,1.086038E-1,4.991129E-2
3.453560E1,1.253446E-1,5.574764E-2
3.456893E1,1.379920E-1,6.097814E-2
3.460227E1,1.462575E-1,6.491144E-2
3.463560E1,1.527732E-1,6.819824E-2
3.466894E1,1.531096E-1,6.815559E-2
3.470227E1,1.475024E-1,6.553066E-2
3.473561E1,1.380507E-1,6.101844E-2
3.476894E1,1.251580E-1,5.547059E-2
3.480228E1,1.069235E-1,4.906905E-2
3.483562E1,8.478223E-2,4.256878E-2
3.486895E1,5.964099E-2,3.705957E-2
3.490229E1,3.187438E-2,3.398071E-2
3.493562E1,2.085480E-3,3.258040E-2
3.496896E1,-2.501241E-2,3.366070E-2
3.500229E1,-5.200113E-2,3.680252E-2
3.503563E1,-7.664615E-2,4.209501E-2
3.506896E1,-9.861555E-2,4.806608E-2
3.510230E1,-1.167942E-1,5.470583E-2
3.513564E1,-1.316514E-1,6.117245E-2
3.516897E1,-1.409861E-1,6.529012E-2
3.520231E1,-1.463159E-1,6.790025E-2
3.523564E1,-1.472770E-1,6.814633E-2
3.526898E1,-1.430764E-1,6.664512E-2
3.530231E1,-1.347329E-1,6.224706E-2
3.533565E1,-1.217702E-1,5.691938E-2
3.536898E1,-1.043365E-1,5.041303E-2
3.540232E1,-8.339424E-2,4.393669E-2
3.543565E1,-5.933397E-2,3.812964E-2
3.546899E1,-3.274671E-2,3.475427E-2
3.550233E1,-5.125146E-3,3.262961E-2
3.553566E1,2.449199E-2,3.331608E-2
3.556900E1,5.154767E-2,3.625369E-2
3.560233E1,7.713749E-2,4.086577E-2
3.563567E1,9.968494E-2,4.666891E-2
3.566900E1,1.181449E-1,5.285494E-2
3.570234E1,1.322733E-1,5.852507E-2
3.573567E1,1.422127E-1,6.303144E-2
3.576901E1,1.505366E-1,6.700291E-2
3.580235E1,1.520366E-1,6.762757E-2
3.583568E1,1.489544E-1,6.622455E-2
3.586902E1,1.420599E-1,6.296520E-2
3.590235E1,1.298190E-1,5.706270E-2
3.593569E1,1.138105E-1,5.114625E-2
3.596902E1,9.320343E-2,4.470763E-2
3.600236E1,6.971587E-2,3.888443E-2
3.603569E1,4.303076E-2,3.518617E-2
3.606903E1,1.526741E-2,3.281923E-2
3.610237E1,-1.141496E-2,3.260218E-2
3.613570E1,-4.038877E-2,3.568996E-2
3.616904E1,-6.591724E-2,3.969695E-2
3.620237E1,-8.863012E-2,4.524390E-2
3.623571E1,-1.081392E-1,5.140404E-2
3.626904E1,-1.249004E-1,5.819484E-2
3.630238E1,-1.365030E-1,6.338844E-2
3.633571E1,-1.427647E-1,6.648095E-2
3.636905E1,-1.453291E-1,6.787617E-2
3.640238E1,-1.430533E-1,6.666919E-2
3.643572E1,-1.369774E-1,6.355436E-2
3.646906E1,-1.253050E-1,5.850035E-2
3.650239E1,-1.104691E-1,5.273792E-2
3.653573E1,-9.106987E-2,4.617412E-2
3.656906E1,-6.810612E-2,3.996820E-2
3.660240E1,-4.285585E-2,3.609186E-2
3.663573E1,-1.309497E-2,3.260161E-2
3.666907E1,1.288372E-2,3.283568E-2
3.670240E1,4.047636E-2,3.484542E-2
3.673574E1,6.635134E-2,3.873764E-2
3.676908E1,8.990066E-2,4.433635E-2
3.680241E1,1.097515E-1,5.062941E-2
3.683575E1,1.254399E-1,5.575712E-2
3.686908E1,1.369271E-1,6.065908E-2
3.690242E1,1.437927E-1,6.434705E-2
3.693575E1,1.500914E-1,6.724333E-2
3.696909E1,1.488198E-1,6.644356E-2
3.700242E1,1.433878E-1,6.387609E-2
3.703576E1,1.333607E-1,5.899339E-2
3.706910E1,1.193781E-1,5.377439E-2
3.710243E1,1.005840E-1,4.732194E-2
3.713577E1,7.805896E-2,4.111847E-2
3.716910E1,5.295064E-2,3.615936E-2
3.720244E1,2.607136E-2,3.371689E-2
3.723577E1,-3.727100E-3,3.291537E-2
3.726911E1,-2.980172E-2,3.424481E-2
3.730244E1,-5.564507E-2,3.734939E-2
3.733578E1,-7.946977E-2,4.280917E-2
3.736911E1,-1.001853E-1,4.859134E-2
3.740245E1,-1.181070E-1,5.554624E-2
3.743579E1,-1.313327E-1,6.087409E-2
3.746912E1,-1.400782E-1,6.485365E-2
3.750246E1,-1.438567E-1,6.728822E-2
3.753579E1,-1.437372E-1,6.721527E-2
3.756913E1,-1.387529E-1,6.456631E-2
3.760246E1,-1.296535E-1,6.009287E-2
3.763580E1,-1.159299E-1,5.484905E-2
3.766913E1,-9.818937E-2,4.831833E-2
3.770247E1,-7.678567E-2,4.241602E-2
3.773581E1,-5.250452E-2,3.708949E-2
3.776914E1,-2.595542E-2,3.394350E-2
3.780248E1,-1.881432E-4,3.294039E-2
3.783581E1,2.932737E-2,3.395656E-2
3.786915E1,5.592131E-2,3.682061E-2
3.790248E1,8.029001E-2,4.163837E-2
3.793582E1,1.015254E-1,4.758798E-2
3.796915E1,1.183300E-1,5.360696E-2
3.800249E1,1.312763E-1,5.858840E-2
3.803583E1,1.402354E-1,6.252596E-2
3.806916E1,1.477156E-1,6.592755E-2
3.810250E1,1.484112E-1,6.617135E-2
3.813583E1,1.445537E-1,6.436443E-2
3.816917E1,1.355796E-1,6.019584E-2
3.820250E1,1.240788E-1,5.522887E-2
3.823584E1,1.071802E-1,4.928154E-2
3.826917E1,8.603216E-2,4.316670E-2
3.830251E1,6.233164E-2,3.776550E-2
3.833584E1,3.600624E-2,3.463954E-2
3.836918E1,8.714218E-3,3.287517E-2
3.840252E1,-1.883889E-2,3.335363E-2
3.843585E1,-4.534245E-2,3.617512E-2
3.846919E1,-6.961849E-2,4.055532E-2
3.850252E1,-9.130298E-2,4.607279E-2
3.853586E1,-1.089711E-1,5.174159E-2
3.856919E1,-1.251731E-1,5.828862E-2
3.860253E1,-1.350417E-1,6.238565E-2
3.863586E1,-1.406353E-1,6.516216E-2
3.866920E1,-1.420568E-1,6.577437E-2
3.870254E1,-1.390811E-1,6.444569E-2
3.873587E1,-1.317058E-1,6.098681E-2
3.876921E1,-1.199802E-1,5.648943E-2
3.880254E1,-1.040872E-1,5.012520E-2
3.883588E1,-8.426426E-2,4.412331E-2
3.886921E1,-6.134846E-2,3.857932E-2
3.890255E1,-3.577933E-2,3.499943E-2
3.893588E1,-8.419218E-3,3.263131E-2
3.896922E1,1.906306E-2,3.285868E-2
3.900256E1,4.582398E-2,3.518870E-2
3.903589E1,7.079014E-2,3.976239E-2
3.906923E1,9.295188E-2,4.483886E-2
3.910256E1,1.113618E-1,5.083353E-2
3.913590E1,1.257015E-1,5.569514E-2
3.916923E1,1.361260E-1,6.011955E-2
3.920257E1,1.419868E-1,6.306470E-2
3.923590E1,1.477936E-1,6.579079E-2
3.926924E1,1.452113E-1,6.441962E-2
3.930257E1,1.388966E-1,6.142182E-2
3.933591E1,1.278171E-1,5.681526E-2
3.936925E1,1.124954E-1,5.116065E-2
3.940258E1,9.363920E-2,4.476493E-2
3.943592E1,7.100958E-2,3.946279E-2
3.946925E1,4.563075E-2,3.528153E-2
3.950259E1,1.874340E-2,3.292373E-2
3.953592E1,-8.089797E-3,3.268509E-2
3.956926E1,-3.542916E-2,3.478837E-2
3.960259E1,-6.018565E-2,3.823154E-2
3.963593E1,-8.270889E-2,4.361814E-2
3.966927E1,-1.019266E-1,4.915036E-2
3.970260E1,-1.186575E-1,5.571434E-2
3.973594E1,-1.297381E-1,5.983660E-2
3.976927E1,-1.377836E-1,6.349834E-2
3.980261E1,-1.406764E-1,6.506665E-2
3.983594E1,-1.400154E-1,6.483215E-2
3.986928E1,-1.341771E-1,6.213832E-2
3.990261E1,-1.240720E-1,5.799491E-2
3.993595E1,-1.090889E-1,5.211179E-2
3.996929E1,-9.090697E-2,4.620216E-2
4.000262E1,-6.894084E-2,4.046139E-2
4.003596E1,-4.467010E-2,3.610861E-2
4.006929E1,-1.759364E-2,3.294560E-2
4.010263E1,8.978712E-3,3.286849E-2
4.013596E1,3.604956E-2,3.455775E-2
4.016930E1,6.139631E-2,3.754807E-2
4.020263E1,8.451289E-2,4.253763E-2
4.023597E1,1.042182E-1,4.837786E-2
4.026930E1,1.197686E-1,5.387834E-2
4.030264E1,1.311830E-1,5.852703E-2
4.033598E1,1.388561E-1,6.156893E-2
4.036931E1,1.450480E-1,6.450901E-2
4.040265E1,1.448132E-1,6.450768E-2
4.043598E1,1.399311E-1,6.228648E-2
4.046932E1,1.301700E-1,5.772023E-2
4.050265E1,1.170170E-1,5.261188E-2
4.053599E1,9.985393E-2,4.670911E-2
4.056932E1,7.809088E-2,4.116761E-2
4.060266E1,5.418214E-2,3.635238E-2
4.063600E1,2.804491E-2,3.368991E-2
4.066933E1,-6.322948E-4,3.243343E-2
4.070267E1,-2.570668E-2,3.368840E-2
4.073600E1,-5.099391E-2,3.686196E-2
4.076934E1,-7.432065E-2,4.188171E-2
4.080267E1,-9.458724E-2,4.682589E-2
4.083601E1,-1.106919E-1,5.254653E-2
4.086934E1,-1.254080E-1,5.833682E-2
4.090268E1,-1.345854E-1,6.238198E-2
4.093602E1,-1.389280E-1,6.429101E-2
4.096935E1,-1.390524E-1,6.427914E-2
4.100269E1,-1.350226E-1,6.228882E-2
4.103602E1,-1.260011E-1,5.863891E-2
4.106936E1,-1.132999E-1,5.368576E-2
4.110269E1,-9.684683E-2,4.751117E-2
4.113603E1,-7.639110E-2,4.206764E-2
4.116936E1,-5.320795E-2,3.715793E-2
4.120270E1,-2.774373E-2,3.414728E-2
4.123603E1,-2.996413E-3,3.282215E-2
4.126937E1,2.612618E-2,3.344102E-2
4.130271E1,5.167182E-2,3.583629E-2
4.133604E1,7.544438E-2,4.054306E-2
4.136938E1,9.610697E-2,4.586446E-2
4.140271E1,1.133790E-1,5.143209E-2
4.143605E1,1.263280E-1,5.619429E-2
4.146938E1,1.351377E-1,5.976498E-2
4.150272E1,1.432509E-1,6.362540E-2
4.153605E1,1.435902E-1,6.394474E-2
4.156939E1,1.405798E-1,6.239401E-2
4.160273E1,1.337090E-1,5.910471E-2
4.163606E1,1.219751E-1,5.443935E-2
4.166940E1,1.053043E-1,4.880527E-2
4.170273E1,8.543450E-2,4.275749E-2
4.173607E1,6.275888E-2,3.757553E-2
4.176940E1,3.745806E-2,3.443998E-2
4.180274E1,1.083008E-2,3.261392E-2
4.183607E1,-1.494165E-2,3.285067E-2
4.186941E1,-4.164925E-2,3.556618E-2
4.190275E1,-6.548714E-2,3.927235E-2
4.193608E1,-8.681583E-2,4.447446E-2
4.196942E1,-1.041574E-1,4.973950E-2
4.200275E1,-1.202805E-1,5.622941E-2
4.203609E1,-1.303861E-1,6.023365E-2
4.206942E1,-1.363400E-1,6.285056E-2
4.210276E1,-1.378730E-1,6.359367E-2
4.213609E1,-1.350299E-1,6.233111E-2
4.216943E1,-1.283091E-1,5.953453E-2
4.220276E1,-1.171578E-1,5.516404E-2
4.223610E1,-1.018828E-1,4.926826E-2
4.226944E1,-8.299703E-2,4.397398E-2
4.230277E1,-6.079034E-2,3.860379E-2
4.233611E1,-3.641786E-2,3.510425E-2
4.236944E1,-8.871203E-3,3.279770E-2
4.240278E1,1.657045E-2,3.285277E-2
4.243611E1,4.275121E-2,3.512046E-2
4.246945E1,6.678437E-2,3.878883E-2
4.250278E1,8.863954E-2,4.344399E-2
4.253612E1,1.067083E-1,4.925583E-2
4.256946E1,1.209966E-1,5.411469E-2
4.260279E1,1.311928E-1,5.826376E-2
4.263613E1,1.395961E-1,6.171217E-2
4.266946E1,1.423948E-1,6.295301E-2
4.270280E1,1.413523E-1,6.279196E-2
4.273613E1,1.351558E-1,5.992531E-2
4.276947E1,1.241645E-1,5.528102E-2
4.280280E1,1.101105E-1,5.043864E-2
4.283614E1,9.183791E-2,4.447005E-2
4.286948E1,7.023926E-2,3.965338E-2
4.290281E1,4.565374E-2,3.547406E-2
4.293615E1,1.990819E-2,3.295673E-2
4.296948E1,-6.741974E-3,3.262336E-2
4.300282E1,-3.288583E-2,3.468279E-2
4.303615E1,-5.716262E-2,3.776427E-2
4.306949E1,-7.900393E-2,4.286938E-2
4.310282E1,-9.819059E-2,4.790740E-2
4.313616E1,-1.144517E-1,5.422300E-2
4.316949E1,-1.260727E-1,5.875133E-2
4.320283E1,-1.332146E-1,6.187849E-2
4.323617E1,-1.362544E-1,6.317195E-2
4.326950E1,-1.351072E-1,6.265357E-2
4.330284E1,-1.301873E-1,6.026646E-2
4.333617E1,-1.201998E-1,5.643712E-2
4.336951E1,-1.062468E-1,5.092622E-2
4.340284E1,-8.883012E-2,4.543830E-2
4.343618E1,-6.741590E-2,3.998674E-2
4.346951E1,-4.411103E-2,3.602714E-2
4.350285E1,-1.839404E-2,3.332031E-2
4.353619E1,7.487881E-3,3.260951E-2
4.356952E1,3.356680E-2,3.392765E-2
4.360286E1,5.811624E-2,3.706627E-2
4.363619E1,8.044313E-2,4.168203E-2
4.366953E1,9.988658E-2,4.702900E-2
4.370286E1,1.154255E-1,5.217474E-2
4.373620E1,1.269437E-1,5.650290E-2
4.376953E1,1.371990E-1,6.077552E-2
4.380287E1,1.414265E-1,6.293511E-2
4.383621E1,1.413782E-1,6.286656E-2
4.386954E1,1.359140E-1,6.011720E-2
4.390288E1,1.268922E-1,5.619305E-2
4.393621E1,1.141411E-1,5.175401E-2
4.396955E1,9.728944E-2,4.604019E-2
4.400288E1,7.647692E-2,4.065206E-2
4.403622E1,5.316302E-2,3.607778E-2
4.406955E1,2.787836E-2,3.377720E-2
4.410289E1,2.274569E-4,3.274909E-2
4.413622E1,-2.435720E-2,3.362914E-2
4.416956E1,-4.887234E-2,3.628897E-2
4.420290E1,-7.130064E-2,4.093722E-2
4.423623E1,-9.137425E-2,4.621828E-2
4.426957E1,-1.087905E-1,5.203572E-2
4.430290E1,-1.216056E-1,5.714198E-2
4.433624E1,-1.300870E-1,6.066555E-2
4.436957E1,-1.348179E-1,6.233802E-2
4.440291E1,-1.349081E-1,6.235132E-2
4.443624E1,-1.311770E-1,6.081195E-2
4.446958E1,-1.225554E-1,5.713713E-2
4.450292E1,-1.104478E-1,5.263227E-2
4.453625E1,-9.390599E-2,4.688100E-2
4.456959E1,-7.402759E-2,4.161985E-2
4.460292E1,-5.149378E-2,3.701730E-2
4.463626E1,-2.680417E-2,3.398703E-2
4.466959E1,-2.289052E-3,3.289459E-2
4.470293E1,2.537244E-2,3.351385E-2
4.473626E1,4.986073E-2,3.578465E-2
4.476960E1,7.295141E-2,4.015456E-2
4.480294E1,9.322197E-2,4.484458E-2
4.483627E1,1.098410E-1,5.053244E-2
4.486961E1,1.224312E-1,5.515022E-2
4.490294E1,1.311879E-1,5.850888E-2
4.493628E1,1.381748E-1,6.139838E-2
4.496961E1,1.385110E-1,6.163775E-2
4.500295E1,1.353463E-1,6.005595E-2
4.503628E1,1.281292E-1,5.693030E-2
4.506962E1,1.167975E-1,5.263196E-2
4.510295E1,1.022323E-1,4.762581E-2
4.513629E1,8.238393E-2,4.197095E-2
4.516963E1,6.011238E-2,3.718195E-2
4.520296E1,3.593941E-2,3.423587E-2
4.523630E1,1.024665E-2,3.256743E-2
4.526963E1,-1.418282E-2,3.263607E-2
4.530297E1,-4.054296E-2,3.530897E-2
4.533630E1,-6.380310E-2,3.887839E-2
4.536964E1,-8.430728E-2,4.409494E-2
4.540297E1,-1.021181E-1,4.951702E-2
4.543631E1,-1.166190E-1,5.496795E-2
4.546965E1,-1.266077E-1,5.904133E-2
4.550298E1,-1.327024E-1,6.141959E-2
4.553632E1,-1.336870E-1,6.198568E-2
4.556965E1,-1.310900E-1,6.055614E-2
4.560299E1,-1.241566E-1,5.767973E-2
4.563632E1,-1.133095E-1,5.355794E-2
4.566966E1,-9.836503E-2,4.805814E-2
4.570299E1,-7.954106E-2,4.297096E-2
4.573633E1,-5.810136E-2,3.780273E-2
4.576967E1,-3.448572E-2,3.468547E-2
4.580300E1,-8.060084E-3,3.266318E-2
4.583634E1,1.688549E-2,3.279078E-2
4.586967E1,4.188201E-2,3.497679E-2
4.590301E1,6.549570E-2,3.850443E-2
4.593634E1,8.634249E-2,4.318556E-2
4.596968E1,1.036387E-1,4.815858E-2
4.600301E1,1.174867E-1,5.270095E-2
4.603635E1,1.273326E-1,5.635202E-2
4.606968E1,1.360089E-1,6.006202E-2
4.610302E1,1.387053E-1,6.139770E-2
4.613636E1,1.360845E-1,5.998315E-2
4.616969E1,1.294072E-1,5.716825E-2
4.620303E1,1.201440E-1,5.372974E-2
4.623636E1,1.065415E-1,4.907205E-2
4.626970E1,8.801360E-2,4.337511E-2
4.630303E1,6.682803E-2,3.848346E-2
4.633637E1,4.310926E-2,3.500617E-2
4.636970E1,1.812529E-2,3.287260E-2
4.640304E1,-6.896951E-3,3.262031E-2
4.643638E1,-3.267279E-2,3.460018E-2
4.646971E1,-5.605626E-2,3.738165E-2
4.650305E1,-7.722680E-2,4.232908E-2
4.653638E1,-9.572354E-2,4.747417E-2
4.656972E1,-1.113758E-1,5.300633E-2
4.660305E1,-1.224052E-1,5.702059E-2
4.663639E1,-1.292575E-1,5.967071E-2
4.666972E1,-1.321860E-1,6.114859E-2
4.670306E1,-1.313350E-1,6.076290E-2
4.673640E1,-1.257491E-1,5.845323E-2
4.676973E1,-1.158526E-1,5.445399E-2
4.680307E1,-1.017264E-1,4.909114E-2
4.683640E1,-8.494187E-2,4.408368E-2
4.686974E1,-6.443907E-2,3.901176E-2
4.690307E1,-4.160936E-2,3.547456E-2
4.693641E1,-1.561031E-2,3.262117E-2
4.696974E1,8.714387E-3,3.245954E-2
4.700308E1,3.368290E-2,3.392132E-2
4.703641E1,5.751527E-2,3.672412E-2
4.706975E1,7.901223E-2,4.129529E-2
4.710309E1,9.787560E-2,4.619259E-2
4.713642E1,1.126303E-1,5.132573E-2
4.716976E1,1.234778E-1,5.541986E-2
4.720309E1,1.324004E-1,5.870027E-2
4.723643E1,1.360264E-1,6.011802E-2
4.726976E1,1.356558E-1,6.005516E-2
4.730310E1,1.313920E-1,5.828343E-2
4.733643E1,1.214950E-1,5.420598E-2
4.736977E1,1.090188E-1,4.966572E-2
4.740311E1,9.315903E-2,4.460649E-2
4.743644E1,7.288138E-2,3.993839E-2
4.746978E1,5.012497E-2,3.553562E-2
4.750311E1,2.578289E-2,3.323728E-2
4.753645E1,-1.075852E-3,3.250334E-2
4.756978E1,-2.498540E-2,3.352917E-2
4.760312E1,-4.860018E-2,3.618888E-2
4.763645E1,-7.035316E-2,4.061982E-2
4.766979E1,-8.902254E-2,4.516689E-2
4.770313E1,-1.045165E-1,5.003079E-2
4.773646E1,-1.180601E-1,5.547462E-2
4.776980E1,-1.259584E-1,5.845574E-2
4.780313E1,-1.296728E-1,5.985165E-2
4.783647E1,-1.297988E-1,5.976290E-2
4.786980E1,-1.259485E-1,5.838436E-2
4.790314E1,-1.179591E-1,5.540716E-2
4.793647E1,-1.050440E-1,5.038041E-2
4.796981E1,-8.911989E-2,4.518004E-2
4.800314E1,-6.963035E-2,3.986648E-2
4.803648E1,-4.777403E-2,3.597934E-2
4.806982E1,-2.413801E-2,3.350981E-2
4.810315E1,-5.614010E-4,3.257706E-2
4.813649E1,2.629989E-2,3.334324E-2
4.816982E1,5.030218E-2,3.539634E-2
4.820316E1,7.246546E-2,3.990685E-2
4.823649E1,9.153675E-2,4.452084E-2
4.826983E1,1.071716E-1,4.950456E-2
4.830316E1,1.192110E-1,5.369733E-2
4.833650E1,1.270370E-1,5.685491E-2
4.836984E1,1.314009E-1,5.850844E-2
4.840317E1,1.320027E-1,5.869609E-2
4.843651E1,1.292507E-1,5.715550E-2
4.846984E1,1.224801E-1,5.429187E-2
4.850318E1,1.114822E-1,5.061669E-2
4.853651E1,9.699854E-2,4.598482E-2
4.856985E1,7.777069E-2,4.101939E-2
4.860318E1,5.617877E-2,3.660066E-2
4.863652E1,3.231751E-2,3.389714E-2
4.866986E1,7.567646E-3,3.272454E-2
4.870319E1,-1.657764E-2,3.300376E-2
4.873653E1,-4.146322E-2,3.554791E-2
4.876986E1,-6.362146E-2,3.896142E-2
4.880320E1,-8.342473E-2,4.403004E-2
4.883653E1,-1.010466E-1,4.929227E-2
4.886987E1,-1.141721E-1,5.396949E-2
4.890320E1,-1.230268E-1,5.781064E-2
4.893654E1,-1.282662E-1,5.969016E-2
4.896987E1,-1.295068E-1,6.035924E-2
4.900321E1,-1.267637E-1,5.909424E-2
4.903655E1,-1.197987E-1,5.613408E-2
4.906988E1,-1.082054E-1,5.173419E-2
4.910322E1,-9.347082E-2,4.672231E-2
4.913655E1,-7.503049E-2,4.181622E-2
4.916989E1,-5.403023E-2,3.719383E-2
4.920322E1,-3.078676E-2,3.429752E-2
4.923656E1,-5.958408E-3,3.267276E-2
4.926989E1,1.909257E-2,3.270445E-2
4.930323E1,4.311332E-2,3.487166E-2
4.933657E1,6.572637E-2,3.843451E-2
4.936990E1,8.596623E-2,4.292187E-2
4.940324E1,1.024422E-1,4.788538E-2
4.943657E1,1.155129E-1,5.234977E-2
4.946991E1,1.246111E-1,5.559832E-2
4.950324E1,1.322443E-1,5.852896E-2
4.953658E1,1.351822E-1,5.978035E-2
4.956991E1,1.322447E-1,5.850206E-2
4.960325E1,1.249857E-1,5.563808E-2
4.963659E1,1.156101E-1,5.221213E-2
4.966992E1,1.010474E-1,4.742713E-2
4.970326E1,8.316871E-2,4.209078E-2
4.973659E1,6.209912E-2,3.762367E-2
4.976993E1,3.915165E-2,3.459926E-2
4.980326E1,1.455847E-2,3.258554E-2
4.983660E1,-9.098729E-3,3.246902E-2
4.986993E1,-3.432203E-2,3.445732E-2
4.990327E1,-5.686671E-2,3.764582E-2
4.993660E1,-7.692793E-2,4.226227E-2
4.996994E1,-9.385890E-2,4.671813E-2
5.000328E1,-1.069678E-1,5.112908E-2
5.003661E1,-1.193818E-1,5.608006E-2
5.006995E1,-1.252230E-1,5.856471E-2
5.010328E1,-1.281935E-1,5.949859E-2
5.013662E1,-1.261600E-1,5.854726E-2
5.016995E1,-1.203790E-1,5.630947E-2
5.020329E1,-1.106901E-1,5.280776E-2
5.023662E1,-9.661641E-2,4.762340E-2
5.026996E1,-7.952938E-2,4.270587E-2
5.030330E1,-5.951483E-2,3.808700E-2
5.033663E1,-3.690838E-2,3.501984E-2
5.036997E1,-1.173541E-2,3.254379E-2
5.040330E1,1.189622E-2,3.264601E-2
5.043664E1,3.618820E-2,3.442572E-2
5.046997E1,5.878555E-2,3.704174E-2
5.050331E1,7.940073E-2,4.146258E-2
5.053664E1,9.714113E-2,4.613971E-2
5.056998E1,1.109608E-1,5.087402E-2
5.060332E1,1.212385E-1,5.419481E-2
5.063665E1,1.292409E-1,5.722768E-2
5.066999E1,1.324009E-1,5.848488E-2
5.070332E1,1.322179E-1,5.841343E-2
5.073666E1,1.254004E-1,5.555211E-2
5.076999E1,1.167544E-1,5.243905E-2
5.080333E1,1.039607E-1,4.805575E-2
5.083666E1,8.748490E-2,4.318045E-2
5.087000E1,6.737201E-2,3.860243E-2
5.090333E1,4.518821E-2,3.511127E-2
5.093667E1,2.141258E-2,3.298981E-2
5.097001E1,-4.384727E-3,3.263954E-2
5.100334E1,-2.760451E-2,3.369477E-2
5.103668E1,-5.015461E-2,3.655059E-2
5.107001E1,-7.105351E-2,4.069543E-2
5.110335E1,-8.856315E-2,4.525250E-2
5.113668E1,-1.043308E-1,5.032614E-2
5.117002E1,-1.156710E-1,5.449671E-2
5.120335E1,-1.229787E-1,5.711642E-2
5.123669E1,-1.263034E-1,5.832706E-2
5.127003E1,-1.259686E-1,5.830880E-2
5.130336E1,-1.218118E-1,5.669451E-2
5.133670E1,-1.122584E-1,5.306170E-2
5.137003E1,-1.002806E-1,4.867219E-2
5.140337E1,-8.377110E-2,4.374910E-2
5.143670E1,-6.457386E-2,3.908893E-2
5.147004E1,-4.300873E-2,3.567092E-2
5.150337E1,-1.932823E-2,3.299081E-2
5.153671E1,4.730686E-3,3.255567E-2
5.157005E1,2.903621E-2,3.352760E-2
5.160338E1,5.203703E-2,3.609900E-2
5.163672E1,7.311079E-2,4.012411E-2
5.167005E1,9.112460E-2,4.423897E-2
5.170339E1,1.059173E-1,4.889845E-2
5.173672E1,1.171410E-1,5.282754E-2
5.177006E1,1.241921E-1,5.560974E-2
5.180339E1,1.277047E-1,5.685428E-2
5.183673E1,1.275821E-1,5.679821E-2
5.187006E1,1.239934E-1,5.539997E-2
5.190340E1,1.166067E-1,5.267468E-2
5.193674E1,1.054336E-1,4.877430E-2
5.197007E1,9.069292E-2,4.395695E-2
5.200341E1,7.214538E-2,3.970135E-2
5.203674E1,5.064011E-2,3.566526E-2
5.207008E1,2.731648E-2,3.361602E-2
5.210341E1,1.927200E-3,3.254853E-2
5.213675E1,-2.104959E-2,3.330877E-2
5.217008E1,-4.378425E-2,3.588176E-2
5.220342E1,-6.519860E-2,3.959483E-2
5.223676E1,-8.366397E-2,4.409794E-2
5.227009E1,-9.995467E-2,4.897944E-2
5.230343E1,-1.117020E-1,5.305825E-2
5.233676E1,-1.208122E-1,5.678043E-2
5.237010E1,-1.251037E-1,5.842093E-2
5.240343E1,-1.254798E-1,5.835075E-2
5.243677E1,-1.218144E-1,5.694998E-2
5.247010E1,-1.145067E-1,5.417237E-2
5.250344E1,-1.031832E-1,4.997744E-2
5.253678E1,-8.739956E-2,4.506890E-2
5.257011E1,-6.879298E-2,4.000208E-2
5.260345E1,-4.804350E-2,3.606173E-2
5.263678E1,-2.532218E-2,3.347939E-2
5.267012E1,-2.344976E-3,3.260915E-2
5.270345E1,2.306286E-2,3.302953E-2
5.273679E1,4.624870E-2,3.514564E-2
5.277012E1,6.754090E-2,3.866224E-2
5.280346E1,8.655628E-2,4.303824E-2
5.283679E1,1.020548E-1,4.769665E-2
5.287013E1,1.154754E-1,5.227876E-2
5.290347E1,1.242842E-1,5.546166E-2
5.293680E1,1.289047E-1,5.707747E-2
5.297014E1,1.289658E-1,5.713098E-2
5.300347E1,1.255831E-1,5.565333E-2
5.303681E1,1.202747E-1,5.376741E-2
5.307014E1,1.085458E-1,4.963168E-2
5.310348E1,9.442958E-2,4.497966E-2
5.313681E1,7.674515E-2,4.041938E-2
5.317015E1,5.599849E-2,3.647762E-2
5.320349E1,3.321349E-2,3.373766E-2
5.323682E1,9.423815E-3,3.244049E-2
5.327016E1,-1.348058E-2,3.246991E-2
5.330349E1,-3.780841E-2,3.485741E-2
5.333683E1,-5.922535E-2,3.791118E-2
5.337016E1,-7.841786E-2,4.240751E-2
5.340350E1,-9.490958E-2,4.700209E-2
5.343683E1,-1.083311E-1,5.141201E-2
5.347017E1,-1.176130E-1,5.502647E-2
5.350351E1,-1.228694E-1,5.725859E-2
5.353684E1,-1.245161E-1,5.781708E-2
5.357018E1,-1.220857E-1,5.661916E-2
5.360351E1,-1.152850E-1,5.428300E-2
5.363685E1,-1.047117E-1,5.019886E-2
5.367018E1,-9.104004E-2,4.593907E-2
5.370352E1,-7.331572E-2,4.119408E-2
5.373685E1,-5.322942E-2,3.705986E-2
5.377019E1,-3.099755E-2,3.429562E-2
5.380352E1,-6.677245E-3,3.253223E-2
5.383686E1,1.665883E-2,3.280229E-2
5.387020E1,3.987313E-2,3.484034E-2
5.390353E1,6.172594E-2,3.800661E-2
5.393687E1,8.080551E-2,4.187048E-2
5.397020E1,9.732185E-2,4.623005E-2
5.400354E1,1.098886E-1,5.064321E-2
5.403687E1,1.197085E-1,5.403072E-2
5.407021E1,1.274394E-1,5.670320E-2
5.410354E1,1.283752E-1,5.699474E-2
5.413688E1,1.253990E-1,5.569996E-2
5.417022E1,1.202670E-1,5.388729E-2
5.420355E1,1.108941E-1,5.079921E-2
5.423689E1,9.782569E-2,4.632766E-2
5.427022E1,8.066222E-2,4.173254E-2
5.430356E1,6.078340E-2,3.724077E-2
5.433689E1,3.887110E-2,3.463674E-2
5.437023E1,1.556146E-2,3.286690E-2
5.440356E1,-7.787298E-3,3.263620E-2
5.443690E1,-3.168366E-2,3.447537E-2
5.447024E1,-5.313474E-2,3.720842E-2
5.450357E1,-7.264663E-2,4.127892E-2
5.453691E1,-9.039850E-2,4.600630E-2
5.457024E1,-1.041005E-1,5.019754E-2
5.460358E1,-1.143612E-1,5.422478E-2
5.463691E1,-1.209402E-1,5.684159E-2
5.467025E1,-1.237393E-1,5.806209E-2
5.470358E1,-1.218290E-1,5.709383E-2
5.473692E1,-1.163289E-1,5.470862E-2
5.477025E1,-1.071594E-1,5.155036E-2
5.480359E1,-9.381279E-2,4.681145E-2
5.483693E1,-7.716160E-2,4.243997E-2
5.487026E1,-5.773071E-2,3.791965E-2
5.490360E1,-3.642038E-2,3.489915E-2
5.493693E1,-1.229529E-2,3.261097E-2
5.497027E1,1.046898E-2,3.260244E-2
5.500360E1,3.370253E-2,3.407754E-2
5.503694E1,5.555492E-2,3.651399E-2
5.507027E1,7.551829E-2,4.076644E-2
5.510361E1,9.248062E-2,4.488913E-2
5.513695E1,1.068187E-1,4.934762E-2
5.517028E1,1.183022E-1,5.331989E-2
5.520362E1,1.242157E-1,5.532485E-2
5.523695E1,1.280965E-1,5.687425E-2
5.527029E1,1.264838E-1,5.642232E-2
5.530362E1,1.209089E-1,5.411095E-2
5.533696E1,1.124637E-1,5.108858E-2
5.537029E1,1.002513E-1,4.705195E-2
5.540363E1,8.451342E-2,4.262391E-2
5.543697E1,6.548346E-2,3.826919E-2
5.547030E1,4.398805E-2,3.500340E-2
5.550364E1,2.114234E-2,3.288589E-2
5.553697E1,-3.471976E-3,3.264446E-2
5.557031E1,-2.586525E-2,3.359770E-2
5.560364E1,-4.763778E-2,3.610760E-2
5.563698E1,-6.762926E-2,3.982491E-2
5.567031E1,-8.531753E-2,4.410369E-2
5.570365E1,-1.006356E-1,4.891833E-2
5.573698E1,-1.115496E-1,5.295354E-2
5.577032E1,-1.187373E-1,5.568431E-2
5.580366E1,-1.222106E-1,5.698234E-2
5.583699E1,-1.217992E-1,5.686924E-2
5.587033E1,-1.174986E-1,5.534767E-2
5.590366E1,-1.083834E-1,5.167022E-2
5.593700E1,-9.635361E-2,4.753652E-2
5.597033E1,-8.089175E-2,4.331335E-2
5.600367E1,-6.192418E-2,3.859133E-2
5.603700E1,-4.141171E-2,3.569394E-2
5.607034E1,-1.836924E-2,3.318073E-2
5.610368E1,4.034465E-3,3.256059E-2
5.613701E1,2.793075E-2,3.354784E-2
5.617035E1,5.011485E-2,3.551811E-2
5.620368E1,7.070292E-2,3.971736E-2
5.623702E1,8.813163E-2,4.335505E-2
5.627035E1,1.024955E-1,4.775317E-2
5.630369E1,1.154696E-1,5.227617E-2
5.633702E1,1.236988E-1,5.534530E-2
5.637036E1,1.278084E-1,5.690253E-2
5.640370E1,1.254555E-1,5.564283E-2
5.643703E1,1.213427E-1,5.406847E-2
5.647037E1,1.141946E-1,5.153103E-2
5.650370E1,1.026088E-1,4.781448E-2
5.653704E1,8.761149E-2,4.331329E-2
5.657037E1,6.965718E-2,3.911116E-2
5.660371E1,4.886536E-2,3.548711E-2
5.663704E1,2.641747E-2,3.336013E-2
5.667038E1,1.897806E-3,3.250040E-2
5.670371E1,-2.030721E-2,3.329809E-2
5.673705E1,-4.213501E-2,3.576373E-2
5.677039E1,-6.261196E-2,3.875220E-2
5.680372E1,-8.060432E-2,4.347445E-2
5.683706E1,-9.568146E-2,4.764545E-2
5.687039E1,-1.075297E-1,5.157500E-2
5.690373E1,-1.149877E-1,5.449201E-2
5.693706E1,-1.203868E-1,5.666838E-2
5.697040E1,-1.205852E-1,5.673529E-2
5.700373E1,-1.171153E-1,5.555626E-2
5.703707E1,-1.101465E-1,5.277606E-2
5.707041E1,-9.897865E-2,4.869103E-2
5.710374E1,-8.357663E-2,4.437459E-2
5.713708E1,-6.588857E-2,3.972572E-2
5.717041E1,-4.562648E-2,3.612366E-2
5.720375E1,-2.394160E-2,3.346781E-2
5.723708E1,-1.691843E-3,3.272395E-2
5.727042E1,2.262335E-2,3.306020E-2
5.730375E1,4.485412E-2,3.513083E-2
5.733709E1,6.542099E-2,3.841577E-2
5.737043E1,8.312739E-2,4.224105E-2
5.740376E1,9.794557E-2,4.636663E-2
5.743710E1,1.091407E-1,5.022947E-2
5.747043E1,1.200286E-1,5.399184E-2
5.750377E1,1.243253E-1,5.546836E-2
5.753710E1,1.246401E-1,5.549498E-2
5.757044E1,1.211196E-1,5.408909E-2
5.760377E1,1.154415E-1,5.215478E-2
5.763711E1,1.037516E-1,4.806031E-2
5.767044E1,9.052754E-2,4.397111E-2
5.770378E1,7.316611E-2,4.001782E-2
5.773712E1,5.298252E-2,3.594315E-2
5.777045E1,3.144738E-2,3.358830E-2
5.780379E1,8.269716E-3,3.247458E-2
5.783712E1,-1.366820E-2,3.254991E-2
5.787046E1,-3.696107E-2,3.475753E-2
5.790379E1,-5.746285E-2,3.759169E-2
5.793713E1,-7.563488E-2,4.189154E-2
5.797046E1,-9.178386E-2,4.600414E-2
5.800380E1,-1.041355E-1,5.003689E-2
5.803714E1,-1.130451E-1,5.364197E-2
5.807047E1,-1.181353E-1,5.547614E-2
5.810381E1,-1.190339E-1,5.582466E-2
5.813714E1,-1.159446E-1,5.454117E-2
5.817048E1,-1.100134E-1,5.258770E-2
5.820381E1,-1.003424E-1,4.860719E-2
5.823715E1,-8.592790E-2,4.443089E-2
5.827048E1,-6.887427E-2,3.997054E-2
5.830382E1,-4.983565E-2,3.628169E-2
5.833716E1,-2.845829E-2,3.375893E-2
5.837049E1,-6.044375E-3,3.233542E-2
5.840383E1,1.715660E-2,3.250756E-2
5.843716E1,3.944314E-2,3.436128E-2
5.847050E1,5.998478E-2,3.715876E-2
5.850383E1,7.872748E-2,4.110402E-2
5.853717E1,9.401010E-2,4.495924E-2
5.857050E1,1.083055E-1,4.944262E-2
5.860384E1,1.169760E-1,5.244889E-2
5.863717E1,1.216747E-1,5.418360E-2
5.867051E1,1.234720E-1,5.466167E-2
5.870385E1,1.213878E-1,5.391576E-2
5.873718E1,1.160336E-1,5.225789E-2
5.877052E1,1.068054E-1,4.923436E-2
5.880385E1,9.305123E-2,4.469490E-2
5.883719E1,7.633324E-2,4.044210E-2
5.887052E1,5.722106E-2,3.660482E-2
5.890386E1,3.614737E-2,3.412659E-2
5.893719E1,1.341967E-2,3.261568E-2
5.897053E1,-8.733439E-3,3.257071E-2
5.900387E1,-3.172801E-2,3.403475E-2
5.903720E1,-5.224207E-2,3.671813E-2
5.907054E1,-7.075773E-2,4.054467E-2
5.910387E1,-8.649285E-2,4.445731E-2
5.913721E1,-9.963706E-2,4.824452E-2
5.917054E1,-1.097720E-1,5.198828E-2
5.920388E1,-1.161879E-1,5.468462E-2
5.923721E1,-1.181573E-1,5.549892E-2
5.927055E1,-1.165726E-1,5.494563E-2
5.930389E1,-1.111885E-1,5.273000E-2
5.933722E1,-1.010236E-1,4.899574E-2
5.937056E1,-8.801518E-2,4.507615E-2
5.940389E1,-7.233984E-2,4.098927E-2
5.943723E1,-5.356164E-2,3.708849E-2
5.947056E1,-3.311970E-2,3.443024E-2
5.950390E1,-9.705830E-3,3.258925E-2
5.953723E1,1.217547E-2,3.271313E-2
5.957057E1,3.418052E-2,3.422904E-2
5.960390E1,5.506110E-2,3.651649E-2
5.963724E1,7.430622E-2,4.034144E-2
5.967058E1,9.022613E-2,4.404033E-2
5.970391E1,1.027516E-1,4.801966E-2
5.973725E1,1.119855E-1,5.106026E-2
5.977058E1,1.201358E-1,5.389567E-2
5.980392E1,1.223406E-1,5.482259E-2
5.983725E1,1.205585E-1,5.399481E-2
5.987059E1,1.158028E-1,5.241655E-2
