t,x,y
4.335031E-1,2.331270E-1,9.921610E-2
4.668495E-1,2.224467E-1,9.369247E-2
5.001959E-1,2.100138E-1,7.848009E-2
5.335423E-1,1.900521E-1,6.312227E-2
5.668887E-1,1.616593E-1,4.496536E-2
6.002351E-1,1.220544E-1,2.649488E-2
6.335814E-1,8.588041E-2,1.216073E-2
6.669278E-1,4.034787E-2,2.388308E-3
7.002742E-1,-1.355716E-2,3.381113E-5
7.336206E-1,-5.556109E-2,1.419530E-3
7.669670E-1,-9.571362E-2,1.218895E-2
8.003134E-1,-1.331291E-1,2.857351E-2
8.336598E-1,-1.675070E-1,4.536016E-2
8.670062E-1,-1.938639E-1,6.112814E-2
9.003526E-1,-2.133858E-1,7.665141E-2
9.336990E-1,-2.285611E-1,9.064689E-2
9.670454E-1,-2.363456E-1,9.780207E-2
1.000392E0,-2.377171E-1,1.003938E-1
1.033738E0,-2.337854E-1,9.615182E-2
1.067085E0,-2.241174E-1,8.758897E-2
1.100431E0,-2.092379E-1,7.414946E-2
1.133777E0,-1.867682E-1,5.884544E-2
1.167124E0,-1.585079E-1,4.057170E-2
1.200470E0,-1.256423E-1,2.492414E-2
1.233816E0,-8.824557E-2,1.040188E-2
1.267163E0,-4.305906E-2,4.860481E-3
1.300509E0,1.000643E-2,3.312825E-3
1.333856E0,6.029878E-2,8.501437E-3
1.367202E0,1.009061E-1,1.936689E-2
1.400548E0,1.400275E-1,3.293235E-2
1.433895E0,1.718792E-1,5.047970E-2
1.467241E0,1.975086E-1,6.884049E-2
1.500588E0,2.160785E-1,8.380659E-2
1.533934E0,2.287128E-1,9.633501E-2
1.567280E0,2.344544E-1,1.029290E-1
1.600627E0,2.353652E-1,1.031176E-1
1.633973E0,2.286290E-1,9.648167E-2
1.667320E0,2.165549E-1,8.572472E-2
1.700666E0,1.970448E-1,6.989586E-2
1.734012E0,1.717758E-1,5.236228E-2
1.767359E0,1.394827E-1,3.357248E-2
1.800705E0,9.892780E-2,1.686573E-2
1.834052E0,5.644207E-2,4.692138E-3
1.867398E0,1.757759E-2,3.090541E-3
1.900744E0,-3.674540E-2,4.471643E-3
1.934091E0,-7.471109E-2,6.783241E-3
1.967437E0,-1.175957E-1,2.177001E-2
2.000784E0,-1.513772E-1,3.865769E-2
2.034130E0,-1.825057E-1,5.239331E-2
2.067476E0,-2.064806E-1,7.086284E-2
2.100823E0,-2.228455E-1,8.435961E-2
2.134169E0,-2.324215E-1,9.368951E-2
2.167515E0,-2.369892E-1,9.763553E-2
2.200862E0,-2.348542E-1,9.656868E-2
2.234208E0,-2.275667E-1,8.867094E-2
2.267555E0,-2.136888E-1,7.716698E-2
2.300901E0,-1.948247E-1,6.191459E-2
2.334247E0,-1.678567E-1,4.617518E-2
2.367594E0,-1.386800E-1,2.857417E-2
2.400940E0,-9.984976E-2,1.328700E-2
2.434287E0,-6.003767E-2,4.281509E-3
2.467633E0,-1.521466E-2,4.912397E-4
2.500979E0,3.302613E-2,1.040376E-3
2.534326E0,7.789523E-2,8.810648E-3
2.567672E0,1.164404E-1,2.174351E-2
2.601019E0,1.533465E-1,3.962995E-2
2.634365E0,1.812347E-1,5.458899E-2
2.667711E0,2.036761E-1,7.061259E-2
2.701058E0,2.187693E-1,8.259908E-2
2.734404E0,2.276588E-1,9.098275E-2
2.767751E0,2.293175E-1,9.353684E-2
2.801097E0,2.258663E-1,9.015245E-2
2.834443E0,2.158839E-1,8.092867E-2
2.867790E0,2.003087E-1,6.801929E-2
2.901136E0,1.768052E-1,5.290276E-2
2.934482E0,1.478856E-1,3.786634E-2
2.967829E0,1.109464E-1,1.986392E-2
3.001175E0,6.916665E-2,7.335656E-3
3.034522E0,2.639936E-2,3.849135E-4
3.067868E0,-1.638786E-2,1.147519E-3
3.101214E0,-6.396030E-2,3.197190E-3
3.134561E0,-1.041316E-1,1.582892E-2
3.167907E0,-1.392185E-1,3.062136E-2
3.201254E0,-1.692807E-1,4.763574E-2
3.234600E0,-1.944519E-1,6.230461E-2
3.267946E0,-2.136432E-1,7.812093E-2
3.301293E0,-2.255347E-1,8.757202E-2
3.334639E0,-2.310828E-1,9.362556E-2
3.367986E0,-2.321092E-1,9.398701E-2
3.401332E0,-2.258419E-1,8.895909E-2
3.434678E0,-2.148587E-1,7.847224E-2
3.468025E0,-1.971164E-1,6.515893E-2
3.501371E0,-1.739132E-1,4.968306E-2
3.534718E0,-1.434594E-1,3.450896E-2
3.568064E0,-1.106497E-1,1.576308E-2
3.601410E0,-7.050660E-2,5.924815E-3
3.634757E0,-1.751909E-2,5.780412E-4
3.668103E0,2.080302E-2,1.259635E-3
3.701449E0,6.358913E-2,6.348068E-3
3.734796E0,1.053782E-1,1.794518E-2
3.768142E0,1.387399E-1,3.411342E-2
3.801489E0,1.713354E-1,4.869631E-2
3.834835E0,1.931735E-1,6.323335E-2
3.868181E0,2.119721E-1,7.759498E-2
3.901528E0,2.215713E-1,8.539196E-2
3.934874E0,2.261043E-1,8.949037E-2
3.968221E0,2.237644E-1,8.792329E-2
4.001567E0,2.160566E-1,8.147022E-2
4.034913E0,2.015580E-1,6.946586E-2
4.068260E0,1.816041E-1,5.598502E-2
4.101606E0,1.541598E-1,3.986415E-2
4.134953E0,1.214599E-1,2.537932E-2
4.168299E0,7.938114E-2,1.023258E-2
4.201645E0,3.663266E-2,1.419530E-3
4.234992E0,-1.284911E-2,2.900346E-4
4.268338E0,-5.373640E-2,5.162961E-3
4.301685E0,-9.480128E-2,1.406066E-2
4.335031E0,-1.277734E-1,2.602456E-2
4.368377E0,-1.601336E-1,4.022353E-2
4.401724E0,-1.856410E-1,5.551383E-2
4.435070E0,-2.045656E-1,6.851645E-2
4.468416E0,-2.203074E-1,8.269637E-2
4.501763E0,-2.282160E-1,8.903385E-2
4.535109E0,-2.294884E-1,9.092141E-2
4.568456E0,-2.258775E-1,8.693827E-2
4.601802E0,-2.156971E-1,7.896504E-2
4.635148E0,-2.006075E-1,6.598061E-2
4.668495E0,-1.785576E-1,5.158366E-2
4.701841E0,-1.503676E-1,3.628689E-2
4.735188E0,-1.172148E-1,2.035301E-2
4.768534E0,-7.612174E-2,8.661847E-3
4.801880E0,-3.692858E-2,6.764873E-4
4.835227E0,8.716821E-3,-7.249480E-4
4.868573E0,4.965942E-2,2.482364E-3
4.901920E0,9.330143E-2,1.502944E-2
4.935266E0,1.304959E-1,2.880665E-2
4.968612E0,1.613336E-1,4.251485E-2
5.001959E0,1.865600E-1,5.744456E-2
5.035305E0,2.060796E-1,7.205785E-2
5.068652E0,2.180812E-1,8.246616E-2
5.101998E0,2.230946E-1,8.689556E-2
5.135344E0,2.232493E-1,8.675585E-2
5.168691E0,2.166641E-1,8.085296E-2
5.202037E0,2.042560E-1,7.123359E-2
5.235384E0,1.846314E-1,5.715348E-2
5.268730E0,1.597801E-1,4.239920E-2
5.302076E0,1.276426E-1,2.738789E-2
5.335423E0,8.586160E-2,1.402304E-2
5.368769E0,4.404428E-2,5.219395E-3
5.402115E0,4.963985E-3,2.030895E-3
5.435462E0,-4.252492E-2,1.551209E-3
5.468808E0,-8.451154E-2,9.508351E-3
5.502155E0,-1.218988E-1,2.309945E-2
5.535501E0,-1.502303E-1,3.654660E-2
5.568847E0,-1.779791E-1,5.054814E-2
5.602194E0,-1.967876E-1,6.457177E-2
5.635540E0,-2.106282E-1,7.508000E-2
5.668887E0,-2.220777E-1,8.554089E-2
5.702233E0,-2.260705E-1,8.793341E-2
5.735579E0,-2.229855E-1,8.591367E-2
5.768926E0,-2.148836E-1,7.821786E-2
5.802272E0,-2.004778E-1,6.784568E-2
5.835619E0,-1.815785E-1,5.383416E-2
5.868965E0,-1.547580E-1,3.882563E-2
5.902311E0,-1.200365E-1,2.311826E-2
5.935658E0,-8.357098E-2,8.586602E-3
5.969004E0,-4.719951E-2,3.366491E-3
6.002351E0,-1.295885E-2,9.504176E-4
6.035697E0,3.848556E-2,2.369496E-3
6.069043E0,8.121523E-2,1.304486E-2
6.102390E0,1.213082E-1,2.498583E-2
6.135736E0,1.534018E-1,3.982288E-2
6.169082E0,1.793147E-1,5.327463E-2
6.202429E0,2.004560E-1,6.790737E-2
6.235775E0,2.128769E-1,7.754041E-2
6.269122E0,2.200105E-1,8.416356E-2
6.302468E0,2.202400E-1,8.500130E-2
6.335814E0,2.154825E-1,8.100078E-2
6.369161E0,2.040529E-1,7.158018E-2
6.402507E0,1.867091E-1,5.895039E-2
6.435854E0,1.624020E-1,4.450973E-2
6.469200E0,1.331026E-1,3.004703E-2
6.502546E0,9.693081E-2,1.628791E-2
6.535893E0,5.821364E-2,5.204216E-3
6.569239E0,1.710923E-2,2.370329E-3
6.602586E0,-2.810787E-2,4.510493E-3
6.635932E0,-7.150065E-2,6.572113E-3
6.669278E0,-1.093849E-1,1.901142E-2
6.702625E0,-1.433986E-1,3.177369E-2
6.735971E0,-1.714565E-1,4.651996E-2
6.769318E0,-1.955718E-1,6.221425E-2
6.802664E0,-2.116868E-1,7.506156E-2
6.836010E0,-2.211839E-1,8.278108E-2
6.869357E0,-2.254744E-1,8.670142E-2
6.902703E0,-2.240768E-1,8.553667E-2
6.936049E0,-2.168181E-1,7.911583E-2
6.969396E0,-2.037048E-1,6.831768E-2
7.002742E0,-1.842805E-1,5.431204E-2
7.036089E0,-1.592052E-1,3.971107E-2
7.069435E0,-1.280893E-1,2.580819E-2
7.102781E0,-9.103903E-2,1.037367E-2
7.136128E0,-5.185528E-2,3.319463E-3
7.169474E0,-1.524183E-2,-8.222812E-5
7.202821E0,3.662325E-2,2.350685E-3
7.236167E0,7.578894E-2,1.071264E-2
7.269513E0,1.131876E-1,2.131115E-2
7.302860E0,1.460753E-1,3.439160E-2
7.336206E0,1.723072E-1,4.827736E-2
7.369553E0,1.896925E-1,6.174695E-2
7.402899E0,2.081721E-1,7.485850E-2
7.436245E0,2.142457E-1,8.257545E-2
7.469592E0,2.162940E-1,8.423626E-2
7.502938E0,2.121564E-1,8.089778E-2
7.536285E0,2.019275E-1,7.249435E-2
7.569631E0,1.857530E-1,6.030212E-2
7.602977E0,1.638438E-1,4.609072E-2
7.636324E0,1.353242E-1,3.175164E-2
7.669670E0,1.011419E-1,1.836193E-2
7.703016E0,6.325654E-2,6.271410E-3
7.736363E0,2.064066E-2,2.838623E-3
7.769709E0,-1.930128E-2,2.427609E-3
7.803056E0,-6.444385E-2,5.989496E-3
7.836402E0,-1.025217E-1,1.728774E-2
7.869748E0,-1.361881E-1,3.017120E-2
7.903095E0,-1.641737E-1,4.565516E-2
7.936441E0,-1.877215E-1,6.080047E-2
7.969788E0,-2.052264E-1,7.353067E-2
8.003134E0,-2.155522E-1,8.265680E-2
8.036480E0,-2.199959E-1,8.657790E-2
8.069827E0,-2.193941E-1,8.589715E-2
8.103173E0,-2.132350E-1,8.065472E-2
8.136520E0,-2.012319E-1,7.091293E-2
8.169866E0,-1.828341E-1,5.770302E-2
8.203212E0,-1.590912E-1,4.286002E-2
8.236559E0,-1.295679E-1,2.807210E-2
8.269905E0,-9.293897E-2,1.407948E-2
8.303252E0,-5.606708E-2,5.744275E-3
8.336598E0,-1.543300E-2,8.525754E-4
8.369944E0,2.941814E-2,3.722576E-3
8.403291E0,6.950623E-2,8.329527E-3
8.436637E0,1.077413E-1,2.035650E-2
8.469984E0,1.409278E-1,3.205184E-2
8.503330E0,1.690564E-1,4.589484E-2
8.536676E0,1.913340E-1,6.068363E-2
8.570023E0,2.063723E-1,7.238547E-2
8.603369E0,2.144394E-1,7.911369E-2
8.636715E0,2.170007E-1,8.132760E-2
8.670062E0,2.138093E-1,7.833665E-2
8.703408E0,2.041480E-1,7.128904E-2
8.736755E0,1.881045E-1,5.988850E-2
8.770101E0,1.661209E-1,4.607216E-2
8.803447E0,1.382189E-1,3.152318E-2
8.836794E0,1.049453E-1,1.885911E-2
8.870140E0,6.690696E-2,7.496006E-3
8.903487E0,2.592935E-2,3.842171E-3
8.936833E0,-1.594671E-2,1.657884E-3
8.970179E0,-5.773706E-2,5.337950E-3
9.003526E0,-9.659772E-2,1.495592E-2
9.036872E0,-1.311799E-1,2.666044E-2
9.070219E0,-1.603709E-1,4.031667E-2
9.103565E0,-1.817595E-1,5.249678E-2
9.136911E0,-1.976328E-1,6.377214E-2
9.170258E0,-2.070213E-1,7.289803E-2
9.203604E0,-2.169858E-1,7.969240E-2
9.236951E0,-2.169211E-1,7.966294E-2
9.270297E0,-2.112798E-1,7.475363E-2
9.303643E0,-1.994677E-1,6.558946E-2
9.336990E0,-1.831052E-1,5.447645E-2
9.370336E0,-1.604354E-1,4.113696E-2
9.403682E0,-1.310518E-1,2.801713E-2
9.437029E0,-9.574184E-2,1.498241E-2
9.470375E0,-5.910004E-2,5.503981E-3
9.503722E0,-1.595608E-2,6.288011E-4
9.537068E0,2.440197E-2,3.701266E-3
9.570414E0,6.570301E-2,7.914473E-3
9.603761E0,1.025599E-1,1.875000E-2
9.637107E0,1.353304E-1,3.051719E-2
9.670454E0,1.630826E-1,4.281817E-2
9.703800E0,1.865791E-1,5.745035E-2
9.737146E0,2.023397E-1,6.867066E-2
9.770493E0,2.111781E-1,7.563595E-2
9.803839E0,2.139592E-1,7.867094E-2
9.837186E0,2.113612E-1,7.670479E-2
9.870532E0,2.027287E-1,6.930837E-2
9.903878E0,1.874084E-1,5.844278E-2
9.937225E0,1.660244E-1,4.549255E-2
9.970571E0,1.385571E-1,3.240624E-2
1.000392E1,1.061400E-1,1.907801E-2
1.003726E1,6.852661E-2,7.496119E-3
1.007061E1,2.915547E-2,3.521744E-3
1.010396E1,-1.576484E-2,8.673126E-5
1.013730E1,-5.386453E-2,5.432898E-3
1.017065E1,-9.210316E-2,1.401653E-2
1.020400E1,-1.264163E-1,2.516719E-2
1.023734E1,-1.555537E-1,3.825007E-2
1.027069E1,-1.780059E-1,5.057973E-2
1.030404E1,-1.941833E-1,6.129803E-2
1.033738E1,-2.036781E-1,7.028050E-2
1.037073E1,-2.145734E-1,7.684119E-2
1.040407E1,-2.148188E-1,7.690182E-2
1.043742E1,-2.069320E-1,7.046260E-2
1.047077E1,-1.969560E-1,6.283456E-2
1.050411E1,-1.812616E-1,5.210838E-2
1.053746E1,-1.594325E-1,3.970671E-2
1.057081E1,-1.307931E-1,2.805462E-2
1.060415E1,-9.776450E-2,1.550490E-2
1.063750E1,-6.008337E-2,5.657448E-3
1.067085E1,-1.537785E-2,-1.083829E-3
1.070419E1,2.170588E-2,3.294401E-3
1.073754E1,6.301255E-2,5.498436E-3
1.077088E1,9.885359E-2,1.722152E-2
1.080423E1,1.325781E-1,2.737904E-2
1.083758E1,1.603774E-1,4.071209E-2
1.087092E1,1.832338E-1,5.488231E-2
1.090427E1,1.991066E-1,6.626944E-2
1.093762E1,2.083972E-1,7.309977E-2
1.097096E1,2.118030E-1,7.571375E-2
1.100431E1,2.089386E-1,7.408001E-2
1.103766E1,2.008431E-1,6.763264E-2
1.107100E1,1.859156E-1,5.735292E-2
1.110435E1,1.652064E-1,4.419710E-2
1.113769E1,1.382866E-1,3.162295E-2
1.117104E1,1.062648E-1,1.960768E-2
1.120439E1,6.896288E-2,8.414548E-3
1.123773E1,3.045003E-2,3.566573E-3
1.127108E1,-1.572756E-2,1.209573E-3
1.130443E1,-5.129526E-2,5.227475E-3
1.133777E1,-8.975157E-2,1.369708E-2
1.137112E1,-1.236001E-1,2.504596E-2
1.140447E1,-1.529959E-1,3.663326E-2
1.143781E1,-1.770053E-1,4.994557E-2
1.147116E1,-1.957891E-1,6.288071E-2
1.150451E1,-2.075922E-1,7.196804E-2
1.153785E1,-2.138956E-1,7.686445E-2
1.157120E1,-2.141342E-1,7.723285E-2
1.160454E1,-2.091884E-1,7.300216E-2
1.163789E1,-1.984819E-1,6.505460E-2
1.167124E1,-1.818299E-1,5.348104E-2
1.170458E1,-1.594088E-1,4.042013E-2
1.173793E1,-1.310622E-1,2.790655E-2
1.177128E1,-9.824270E-2,1.551505E-2
1.180462E1,-6.119972E-2,6.243069E-3
1.183797E1,-1.881320E-2,1.707046E-3
1.187132E1,1.967803E-2,2.829469E-3
1.190466E1,5.980116E-2,5.319929E-3
1.193801E1,9.631100E-2,1.654618E-2
1.197135E1,1.291317E-1,2.757090E-2
1.200470E1,1.564414E-1,4.111768E-2
1.203805E1,1.791714E-1,5.557448E-2
1.207139E1,1.948421E-1,6.676442E-2
1.210474E1,2.035744E-1,7.378713E-2
1.213809E1,2.071211E-1,7.631329E-2
1.217143E1,2.049677E-1,7.444072E-2
1.220478E1,1.970469E-1,6.832595E-2
1.223813E1,1.825732E-1,5.826127E-2
1.227147E1,1.620727E-1,4.560889E-2
1.230482E1,1.362271E-1,3.208108E-2
1.233816E1,1.052235E-1,1.934752E-2
1.237151E1,6.882257E-2,8.528624E-3
1.240486E1,3.090268E-2,3.853396E-3
1.243820E1,-1.095536E-2,2.679252E-3
1.247155E1,-4.944530E-2,5.151779E-3
1.250490E1,-8.780971E-2,1.216265E-2
1.253824E1,-1.210171E-1,2.427173E-2
1.257159E1,-1.504731E-1,3.550532E-2
1.260494E1,-1.726616E-1,4.718305E-2
1.263828E1,-1.889313E-1,5.744558E-2
1.267163E1,-1.997695E-1,6.526305E-2
1.270498E1,-2.096500E-1,7.313478E-2
1.273832E1,-2.102834E-1,7.364222E-2
1.277167E1,-2.052972E-1,6.973701E-2
1.280501E1,-1.939477E-1,6.130677E-2
1.283836E1,-1.784226E-1,5.115937E-2
1.287171E1,-1.569470E-1,3.928637E-2
1.290505E1,-1.290545E-1,2.707854E-2
1.293840E1,-9.630866E-2,1.489289E-2
1.297175E1,-5.989567E-2,5.830286E-3
1.300509E1,-1.799440E-2,1.112786E-3
1.303844E1,1.970115E-2,2.949823E-3
1.307179E1,5.919942E-2,5.098329E-3
1.310513E1,9.557550E-2,1.584429E-2
1.313848E1,1.284744E-1,2.608924E-2
1.317182E1,1.561843E-1,3.924468E-2
1.320517E1,1.784685E-1,5.241222E-2
1.323852E1,1.941422E-1,6.302148E-2
1.327186E1,2.031153E-1,6.991465E-2
1.330521E1,2.060904E-1,7.268807E-2
1.333856E1,2.037440E-1,7.106483E-2
1.337190E1,1.957149E-1,6.469902E-2
1.340525E1,1.812423E-1,5.469703E-2
1.343860E1,1.605588E-1,4.239493E-2
1.347194E1,1.344251E-1,2.996221E-2
1.350529E1,1.029201E-1,1.855633E-2
1.353864E1,6.746343E-2,7.405401E-3
1.357198E1,2.961508E-2,3.561657E-3
1.360533E1,-1.165986E-2,1.951103E-3
1.363867E1,-5.027704E-2,5.317816E-3
1.367202E1,-8.736153E-2,1.308673E-2
1.370537E1,-1.203091E-1,2.356765E-2
1.373871E1,-1.485859E-1,3.512548E-2
1.377206E1,-1.712719E-1,4.681154E-2
1.380541E1,-1.870232E-1,5.732850E-2
1.383875E1,-2.012388E-1,6.747338E-2
1.387210E1,-2.073684E-1,7.209602E-2
1.390545E1,-2.075173E-1,7.275698E-2
1.393879E1,-2.027948E-1,6.901403E-2
1.397214E1,-1.916927E-1,6.082012E-2
1.400548E1,-1.756875E-1,5.003280E-2
1.403883E1,-1.540145E-1,3.797114E-2
1.407218E1,-1.266185E-1,2.584293E-2
1.410552E1,-9.413374E-2,1.450272E-2
1.413887E1,-5.767087E-2,5.698110E-3
1.417222E1,-1.566773E-2,3.295512E-4
1.420556E1,2.139269E-2,3.276100E-3
1.423891E1,6.011657E-2,5.350692E-3
1.427226E1,9.574882E-2,1.622988E-2
1.430560E1,1.279675E-1,2.577640E-2
1.433895E1,1.545513E-1,3.810731E-2
1.437229E1,1.769893E-1,5.119390E-2
1.440564E1,1.923072E-1,6.171138E-2
1.443899E1,2.006709E-1,6.775445E-2
1.447233E1,2.035842E-1,7.025443E-2
1.450568E1,2.012421E-1,6.836170E-2
1.453903E1,1.925975E-1,6.246564E-2
1.457237E1,1.777767E-1,5.271315E-2
1.460572E1,1.572307E-1,4.063509E-2
1.463907E1,1.311608E-1,2.831667E-2
1.467241E1,9.978277E-2,1.739540E-2
1.470576E1,6.437119E-2,6.839928E-3
1.473911E1,2.682384E-2,3.555338E-3
1.477245E1,-1.593123E-2,8.080248E-4
1.480580E1,-5.223511E-2,5.322431E-3
1.483914E1,-8.872883E-2,1.300479E-2
1.487249E1,-1.214845E-1,2.332650E-2
1.490584E1,-1.492892E-1,3.475000E-2
1.493918E1,-1.718862E-1,4.664321E-2
1.497253E1,-1.902094E-1,5.897903E-2
1.500588E1,-2.010663E-1,6.668962E-2
1.503922E1,-2.069404E-1,7.117978E-2
1.507257E1,-2.069011E-1,7.111408E-2
1.510592E1,-2.012279E-1,6.661541E-2
1.513926E1,-1.902289E-1,5.897407E-2
1.517261E1,-1.733630E-1,4.802493E-2
1.520595E1,-1.513141E-1,3.582747E-2
1.523930E1,-1.233321E-1,2.468327E-2
1.527265E1,-9.063190E-2,1.311242E-2
1.530599E1,-5.509454E-2,5.497418E-3
1.533934E1,-1.559625E-2,7.966574E-4
1.537269E1,2.323769E-2,3.465917E-3
1.540603E1,6.301384E-2,5.749409E-3
1.543938E1,9.693392E-2,1.614288E-2
1.547273E1,1.279098E-1,2.604506E-2
1.550607E1,1.539608E-1,3.799033E-2
1.553942E1,1.760596E-1,5.062966E-2
1.557276E1,1.907039E-1,6.052883E-2
1.560611E1,1.984164E-1,6.619538E-2
1.563946E1,2.012636E-1,6.849930E-2
1.567280E1,1.982113E-1,6.605211E-2
1.570615E1,1.891312E-1,5.956843E-2
1.573950E1,1.741717E-1,5.000367E-2
1.577284E1,1.532770E-1,3.856942E-2
1.580619E1,1.272664E-1,2.601047E-2
1.583954E1,9.575774E-2,1.588508E-2
1.587288E1,5.990370E-2,5.582060E-3
1.590623E1,2.193293E-2,3.514360E-3
1.593958E1,-1.604302E-2,1.142638E-4
1.597292E1,-5.483977E-2,5.379528E-3
1.600627E1,-9.065925E-2,1.321146E-2
1.603961E1,-1.223825E-1,2.321895E-2
1.607296E1,-1.498082E-1,3.495843E-2
1.610631E1,-1.724739E-1,4.727407E-2
1.613965E1,-1.893860E-1,5.818098E-2
1.617300E1,-1.999229E-1,6.579975E-2
1.620635E1,-2.049079E-1,6.973766E-2
1.623969E1,-2.048202E-1,6.965429E-2
1.627304E1,-1.984538E-1,6.486624E-2
1.630639E1,-1.868525E-1,5.657388E-2
1.633973E1,-1.694789E-1,4.574452E-2
1.637308E1,-1.472869E-1,3.421891E-2
1.640642E1,-1.190375E-1,2.282943E-2
1.643977E1,-8.600874E-2,1.246774E-2
1.647312E1,-5.021132E-2,5.175178E-3
1.650646E1,-1.585660E-2,1.175886E-3
1.653981E1,2.624697E-2,3.736262E-3
1.657316E1,6.437621E-2,7.975449E-3
1.660650E1,9.786847E-2,1.715008E-2
1.663985E1,1.279723E-1,2.604443E-2
1.667320E1,1.507031E-1,3.814521E-2
1.670654E1,1.686180E-1,4.889504E-2
1.673989E1,1.817645E-1,5.616943E-2
1.677324E1,1.882654E-1,6.129788E-2
1.680658E1,1.902362E-1,6.280961E-2
1.683993E1,1.873773E-1,6.047504E-2
1.687327E1,1.795358E-1,5.516562E-2
1.690662E1,1.663855E-1,4.635122E-2
1.693997E1,1.467422E-1,3.578182E-2
1.697331E1,1.205564E-1,2.509371E-2
1.700666E1,8.929805E-2,1.448242E-2
1.704001E1,5.500608E-2,4.839125E-3
1.707335E1,1.809180E-2,2.555465E-3
1.710670E1,-1.723843E-2,1.538085E-3
1.714005E1,-5.837922E-2,5.900830E-3
1.717339E1,-9.331728E-2,1.422391E-2
1.720674E1,-1.242683E-1,2.438681E-2
1.724008E1,-1.507158E-1,3.561412E-2
1.727343E1,-1.722386E-1,4.713078E-2
1.730678E1,-1.885569E-1,5.797741E-2
1.734012E1,-1.981366E-1,6.454682E-2
1.737347E1,-2.024118E-1,6.800381E-2
1.740682E1,-2.014077E-1,6.717597E-2
1.744016E1,-1.945392E-1,6.218701E-2
1.747351E1,-1.825570E-1,5.402458E-2
1.750686E1,-1.648126E-1,4.337655E-2
1.754020E1,-1.419642E-1,3.167907E-2
1.757355E1,-1.133232E-1,2.027158E-2
1.760689E1,-8.023318E-2,8.738034E-3
1.764024E1,-4.527358E-2,4.891775E-3
1.767359E1,-1.466776E-2,6.547907E-4
1.770693E1,3.093925E-2,3.478582E-3
1.774028E1,6.792171E-2,7.540521E-3
1.777363E1,1.008756E-1,1.768839E-2
1.780697E1,1.303507E-1,2.781484E-2
1.784032E1,1.545046E-1,4.026639E-2
1.787367E1,1.747589E-1,5.097647E-2
1.790701E1,1.880154E-1,5.948155E-2
1.794036E1,1.944647E-1,6.414138E-2
1.797371E1,1.958698E-1,6.485992E-2
1.800705E1,1.915975E-1,6.189305E-2
1.804040E1,1.814004E-1,5.513841E-2
1.807374E1,1.646903E-1,4.559950E-2
1.810709E1,1.434895E-1,3.386716E-2
1.814044E1,1.163183E-1,2.196033E-2
1.817378E1,8.410182E-2,1.226582E-2
1.820713E1,4.771508E-2,4.097831E-3
1.824048E1,1.068650E-2,3.338383E-3
1.827382E1,-2.705302E-2,3.768637E-3
1.830717E1,-6.272450E-2,5.453342E-3
1.834052E1,-9.637641E-2,1.537013E-2
1.837386E1,-1.265582E-1,2.455080E-2
1.840721E1,-1.516247E-1,3.533109E-2
1.844055E1,-1.699309E-1,4.499243E-2
1.847390E1,-1.832849E-1,5.359998E-2
1.850725E1,-1.954353E-1,6.217215E-2
1.854059E1,-1.992581E-1,6.510771E-2
1.857394E1,-1.975745E-1,6.385698E-2
1.860729E1,-1.900677E-1,5.861523E-2
1.864063E1,-1.770341E-1,5.028840E-2
1.867398E1,-1.593010E-1,4.002666E-2
1.870733E1,-1.357957E-1,2.895741E-2
1.874067E1,-1.068853E-1,1.860713E-2
1.877402E1,-7.412117E-2,7.429217E-3
1.880736E1,-3.801307E-2,4.221932E-3
1.884071E1,-1.295751E-2,1.076816E-3
1.887406E1,3.703101E-2,3.785835E-3
1.890740E1,7.113991E-2,9.583517E-3
1.894075E1,1.047606E-1,1.714859E-2
1.897410E1,1.323856E-1,2.777951E-2
1.900744E1,1.526485E-1,3.887257E-2
1.904079E1,1.686019E-1,4.843430E-2
1.907414E1,1.792154E-1,5.542177E-2
1.910748E1,1.888474E-1,6.198779E-2
1.914083E1,1.896396E-1,6.294692E-2
1.917418E1,1.841040E-1,5.920050E-2
1.920752E1,1.732505E-1,5.120520E-2
1.924087E1,1.579805E-1,4.257757E-2
1.927421E1,1.358169E-1,3.148514E-2
1.930756E1,1.085297E-1,2.064420E-2
1.934091E1,7.692557E-2,1.113108E-2
1.937425E1,4.132193E-2,3.988308E-3
1.940760E1,3.927697E-3,2.871392E-3
1.944095E1,-3.313983E-2,3.816144E-3
1.947429E1,-6.812081E-2,5.812949E-3
1.950764E1,-1.004247E-1,1.584486E-2
1.954099E1,-1.293522E-1,2.523482E-2
1.957433E1,-1.530187E-1,3.613186E-2
1.960768E1,-1.702708E-1,4.567714E-2
1.964102E1,-1.819504E-1,5.396547E-2
1.967437E1,-1.941273E-1,6.134412E-2
1.970772E1,-1.966294E-1,6.365763E-2
1.974106E1,-1.938226E-1,6.175768E-2
1.977441E1,-1.856898E-1,5.608690E-2
1.980776E1,-1.723704E-1,4.762298E-2
1.984110E1,-1.535682E-1,3.731723E-2
1.987445E1,-1.294892E-1,2.618759E-2
1.990780E1,-1.001117E-1,1.601856E-2
1.994114E1,-6.659962E-2,6.297669E-3
1.997449E1,-3.082080E-2,3.744398E-3
2.000784E1,6.675215E-3,2.922422E-3
2.004118E1,4.271467E-2,3.445162E-3
2.007453E1,7.712119E-2,1.102040E-2
2.010787E1,1.083220E-1,1.850417E-2
2.014122E1,1.348497E-1,2.842081E-2
2.017457E1,1.539183E-1,3.929818E-2
2.020791E1,1.687541E-1,4.852247E-2
2.024126E1,1.781376E-1,5.436474E-2
2.027461E1,1.885995E-1,5.934793E-2
2.030795E1,1.880289E-1,5.903638E-2
2.034130E1,1.818599E-1,5.514121E-2
2.037465E1,1.693591E-1,4.753477E-2
2.040799E1,1.530182E-1,3.814404E-2
2.044134E1,1.296796E-1,2.812890E-2
2.047468E1,1.016754E-1,1.761684E-2
2.050803E1,6.888333E-2,7.656704E-3
2.054138E1,3.373444E-2,3.458201E-3
2.057472E1,-1.250651E-2,7.338872E-4
2.060807E1,-3.923538E-2,4.256805E-3
2.064142E1,-7.383809E-2,7.115863E-3
2.067476E1,-1.052388E-1,1.758205E-2
2.070811E1,-1.326857E-1,2.657329E-2
2.074146E1,-1.543849E-1,3.679826E-2
2.077480E1,-1.712511E-1,4.583297E-2
2.080815E1,-1.820329E-1,5.358620E-2
2.084149E1,-1.926943E-1,6.015973E-2
2.087484E1,-1.943365E-1,6.144765E-2
2.090819E1,-1.904973E-1,5.882168E-2
2.094153E1,-1.809482E-1,5.241716E-2
2.097488E1,-1.671442E-1,4.428928E-2
2.100823E1,-1.473956E-1,3.385406E-2
2.104157E1,-1.224110E-1,2.339006E-2
2.107492E1,-9.226411E-2,1.395440E-2
2.110827E1,-5.869629E-2,5.546894E-3
2.114161E1,-1.814802E-2,7.956082E-4
2.117496E1,1.390448E-2,2.799506E-3
2.120831E1,4.929339E-2,3.797787E-3
2.124165E1,8.275360E-2,1.193046E-2
2.127500E1,1.126909E-1,2.028906E-2
2.130834E1,1.375514E-1,3.137361E-2
2.134169E1,1.562009E-1,4.069366E-2
2.137504E1,1.691821E-1,4.885576E-2
2.140838E1,1.823020E-1,5.793553E-2
2.144173E1,1.861083E-1,6.035482E-2
2.147508E1,1.845413E-1,5.908277E-2
2.150842E1,1.772119E-1,5.381475E-2
2.154177E1,1.641410E-1,4.595885E-2
2.157512E1,1.463478E-1,3.642308E-2
2.160846E1,1.226208E-1,2.533864E-2
2.164181E1,9.395154E-2,1.551190E-2
2.167515E1,6.142940E-2,6.056762E-3
2.170850E1,2.535528E-2,3.332852E-3
2.174185E1,-1.549942E-2,1.175414E-3
2.177519E1,-4.613815E-2,4.584113E-3
2.180854E1,-7.988602E-2,8.592182E-3
2.184189E1,-1.100469E-1,1.897872E-2
2.187523E1,-1.363429E-1,2.847677E-2
2.190858E1,-1.566996E-1,3.812542E-2
2.194193E1,-1.715226E-1,4.711866E-2
2.197527E1,-1.859693E-1,5.582030E-2
2.200862E1,-1.916253E-1,5.994738E-2
2.204196E1,-1.921670E-1,6.027445E-2
2.207531E1,-1.869840E-1,5.686221E-2
2.210866E1,-1.766660E-1,4.999602E-2
2.214200E1,-1.614607E-1,4.139502E-2
2.217535E1,-1.407902E-1,3.090705E-2
2.220870E1,-1.147054E-1,2.078641E-2
2.224204E1,-8.414835E-2,1.065602E-2
2.227539E1,-5.050398E-2,4.996084E-3
2.230874E1,-1.561072E-2,4.150776E-4
2.234208E1,2.135873E-2,2.509571E-3
2.237543E1,5.662516E-2,4.658438E-3
2.240878E1,8.895003E-2,1.285719E-2
2.244212E1,1.175961E-1,2.197831E-2
2.247547E1,1.403377E-1,3.217993E-2
2.250881E1,1.573194E-1,4.165003E-2
2.254216E1,1.754225E-1,5.119763E-2
2.257551E1,1.823457E-1,5.720111E-2
2.260885E1,1.850087E-1,5.901787E-2
2.264220E1,1.820219E-1,5.662576E-2
2.267555E1,1.735272E-1,5.111166E-2
2.270889E1,1.594906E-1,4.245726E-2
2.274224E1,1.397779E-1,3.240924E-2
2.277559E1,1.149619E-1,2.192337E-2
2.280893E1,8.525729E-2,1.294596E-2
2.284228E1,5.255146E-2,4.145396E-3
2.287562E1,1.723137E-2,2.160575E-3
2.290897E1,-1.633944E-2,5.235978E-4
2.294232E1,-5.406981E-2,4.861602E-3
2.297566E1,-8.615155E-2,1.214619E-2
2.300901E1,-1.151772E-1,2.018516E-2
2.304236E1,-1.394184E-1,3.019124E-2
2.307570E1,-1.580142E-1,3.990248E-2
2.310905E1,-1.721692E-1,4.783296E-2
2.314240E1,-1.852918E-1,5.556827E-2
2.317574E1,-1.896850E-1,5.871275E-2
2.320909E1,-1.889289E-1,5.836283E-2
2.324244E1,-1.828746E-1,5.405381E-2
2.327578E1,-1.711713E-1,4.670031E-2
2.330913E1,-1.549516E-1,3.762216E-2
2.334247E1,-1.330480E-1,2.725681E-2
2.337582E1,-1.058226E-1,1.803895E-2
2.340917E1,-7.520983E-2,7.857242E-3
2.344251E1,-4.092027E-2,4.203023E-3
2.347586E1,-1.241362E-2,6.224568E-4
2.350921E1,2.981990E-2,3.349739E-3
2.354255E1,6.425816E-2,7.804525E-3
2.357590E1,9.504208E-2,1.480080E-2
2.360925E1,1.219181E-1,2.429506E-2
2.364259E1,1.429592E-1,3.404084E-2
2.367594E1,1.587651E-1,4.284016E-2
2.370928E1,1.697566E-1,4.935151E-2
2.374263E1,1.796232E-1,5.627846E-2
2.377598E1,1.808243E-1,5.664024E-2
2.380932E1,1.766808E-1,5.361982E-2
2.384267E1,1.662701E-1,4.745360E-2
2.387602E1,1.520005E-1,3.924693E-2
2.390936E1,1.315406E-1,2.945420E-2
2.394271E1,1.061019E-1,1.936408E-2
2.397606E1,7.602828E-2,1.072325E-2
2.400940E1,4.258629E-2,3.806853E-3
2.404275E1,7.379086E-3,2.732295E-3
2.407609E1,-2.784135E-2,3.304925E-3
2.410944E1,-6.185877E-2,5.403918E-3
2.414279E1,-9.343859E-2,1.316191E-2
2.417613E1,-1.210200E-1,2.183974E-2
2.420948E1,-1.434893E-1,3.160582E-2
2.424283E1,-1.606892E-1,4.056947E-2
2.427617E1,-1.727581E-1,4.834395E-2
2.430952E1,-1.808051E-1,5.252726E-2
2.434287E1,-1.867023E-1,5.616598E-2
2.437621E1,-1.846857E-1,5.493026E-2
2.440956E1,-1.757103E-1,4.961939E-2
2.444291E1,-1.643635E-1,4.316613E-2
2.447625E1,-1.473782E-1,3.404868E-2
2.450960E1,-1.245996E-1,2.406967E-2
2.454294E1,-9.675594E-2,1.505264E-2
2.457629E1,-6.541494E-2,6.177916E-3
2.460964E1,-3.089979E-2,3.508533E-3
2.464298E1,4.189085E-3,2.772338E-3
2.467633E1,3.911301E-2,3.142809E-3
2.470968E1,7.134572E-2,8.660093E-3
2.474302E1,1.020109E-1,1.583502E-2
2.477637E1,1.278293E-1,2.508938E-2
2.480972E1,1.506313E-1,3.605458E-2
2.484306E1,1.673650E-1,4.504516E-2
2.487641E1,1.778263E-1,5.169203E-2
2.490975E1,1.821084E-1,5.474382E-2
2.494310E1,1.819698E-1,5.468245E-2
2.497645E1,1.760556E-1,5.080993E-2
2.500979E1,1.649102E-1,4.396601E-2
2.504314E1,1.473003E-1,3.460984E-2
2.507649E1,1.248611E-1,2.478631E-2
2.510983E1,9.771328E-2,1.564257E-2
2.514318E1,6.672411E-2,7.436802E-3
2.517653E1,3.275769E-2,3.169407E-3
2.520987E1,-1.180234E-2,1.411965E-3
2.524322E1,-3.721140E-2,3.977317E-3
2.527656E1,-7.010331E-2,6.834871E-3
2.530991E1,-1.002775E-1,1.489000E-2
2.534326E1,-1.263266E-1,2.428462E-2
2.537660E1,-1.474695E-1,3.356058E-2
2.540995E1,-1.627857E-1,4.246592E-2
2.544330E1,-1.733876E-1,4.909404E-2
2.547664E1,-1.836852E-1,5.496483E-2
2.550999E1,-1.853195E-1,5.557889E-2
2.554334E1,-1.817667E-1,5.352622E-2
2.557668E1,-1.721031E-1,4.753770E-2
2.561003E1,-1.584367E-1,3.981798E-2
2.564338E1,-1.397949E-1,3.081811E-2
2.567672E1,-1.158490E-1,2.087047E-2
2.571007E1,-8.732347E-2,1.187166E-2
2.574341E1,-5.510529E-2,5.186787E-3
2.577676E1,-1.858728E-2,1.567039E-3
2.581011E1,1.386034E-2,2.581001E-3
2.584345E1,4.778341E-2,3.988882E-3
2.587680E1,7.997140E-2,1.094754E-2
2.591015E1,1.082113E-1,1.952284E-2
2.594349E1,1.320073E-1,2.913963E-2
2.597684E1,1.532982E-1,3.892377E-2
2.601019E1,1.679416E-1,4.736419E-2
2.604353E1,1.759579E-1,5.243243E-2
2.607688E1,1.792752E-1,5.452046E-2
2.611022E1,1.774304E-1,5.331012E-2
2.614357E1,1.701301E-1,4.871900E-2
2.617692E1,1.574233E-1,4.115959E-2
2.621026E1,1.386318E-1,3.171256E-2
2.624361E1,1.151365E-1,2.167901E-2
2.627696E1,8.725661E-2,1.316649E-2
2.631030E1,5.643459E-2,5.007717E-3
2.634365E1,2.220922E-2,2.813353E-3
2.637700E1,-1.509661E-2,7.321457E-4
2.641034E1,-4.676017E-2,4.486875E-3
2.644369E1,-7.856927E-2,8.743315E-3
2.647704E1,-1.075720E-1,1.736049E-2
2.651038E1,-1.320759E-1,2.665467E-2
2.654373E1,-1.512192E-1,3.538041E-2
2.657707E1,-1.655487E-1,4.328583E-2
2.661042E1,-1.786201E-1,5.103024E-2
2.664377E1,-1.837389E-1,5.474911E-2
2.667711E1,-1.837256E-1,5.473090E-2
2.671046E1,-1.784323E-1,5.110760E-2
2.674381E1,-1.677372E-1,4.464877E-2
2.677715E1,-1.523404E-1,3.644213E-2
2.681050E1,-1.317922E-1,2.733422E-2
2.684385E1,-1.063278E-1,1.752088E-2
2.687719E1,-7.710991E-2,8.604895E-3
2.691054E1,-4.450367E-2,4.454793E-3
2.694388E1,-1.478653E-2,8.646398E-4
2.697723E1,2.404187E-2,3.092023E-3
2.701058E1,5.716076E-2,5.018783E-3
2.704392E1,8.751709E-2,1.260839E-2
2.707727E1,1.141626E-1,2.163400E-2
2.711062E1,1.354707E-1,3.081827E-2
2.714396E1,1.521337E-1,3.875605E-2
2.717731E1,1.632746E-1,4.463908E-2
2.721066E1,1.730604E-1,5.107589E-2
2.724400E1,1.746153E-1,5.222736E-2
2.727735E1,1.712278E-1,4.985076E-2
2.731069E1,1.614883E-1,4.420051E-2
2.734404E1,1.479135E-1,3.747778E-2
2.737739E1,1.291237E-1,2.830044E-2
2.741073E1,1.048371E-1,1.854751E-2
2.744408E1,7.611998E-2,1.071743E-2
2.747743E1,4.415128E-2,3.816936E-3
2.751077E1,1.047609E-2,2.905584E-3
2.754412E1,-1.944935E-2,2.029639E-3
2.757747E1,-5.683742E-2,5.140189E-3
2.761081E1,-8.783886E-2,1.128078E-2
2.764416E1,-1.148498E-1,1.992786E-2
2.767751E1,-1.376100E-1,2.922774E-2
2.771085E1,-1.545399E-1,3.792986E-2
2.774420E1,-1.672817E-1,4.451824E-2
2.777754E1,-1.786919E-1,5.111625E-2
2.781089E1,-1.820945E-1,5.351882E-2
2.784424E1,-1.803072E-1,5.251204E-2
2.787758E1,-1.730981E-1,4.815473E-2
2.791093E1,-1.608244E-1,4.089493E-2
2.794428E1,-1.440926E-1,3.262867E-2
2.797762E1,-1.225144E-1,2.339335E-2
2.801097E1,-9.593202E-2,1.421282E-2
2.804432E1,-6.570207E-2,6.510572E-3
2.807766E1,-3.278801E-2,3.697556E-3
2.811101E1,1.255167E-3,2.406096E-3
2.814435E1,3.493747E-2,3.158784E-3
2.817770E1,6.699246E-2,8.304861E-3
2.821105E1,9.593698E-2,1.561003E-2
2.824439E1,1.206863E-1,2.413128E-2
2.827774E1,1.396655E-1,3.304897E-2
2.831109E1,1.584713E-1,4.265867E-2
2.834443E1,1.685935E-1,4.890004E-2
2.837778E1,1.738097E-1,5.178618E-2
2.841113E1,1.735862E-1,5.177681E-2
2.844447E1,1.679462E-1,4.853489E-2
2.847782E1,1.571861E-1,4.210573E-2
2.851116E1,1.415619E-1,3.369919E-2
2.854451E1,1.203690E-1,2.403685E-2
2.857786E1,9.461384E-2,1.567250E-2
2.861120E1,6.509105E-2,7.811628E-3
2.864455E1,3.237586E-2,3.463266E-3
2.867790E1,-1.063512E-3,2.493919E-3
2.871124E1,-3.446147E-2,3.871455E-3
2.874459E1,-6.682341E-2,6.239651E-3
2.877794E1,-9.618612E-2,1.377296E-2
2.881128E1,-1.215517E-1,2.218832E-2
2.884463E1,-1.419358E-1,3.081593E-2
2.887798E1,-1.575811E-1,3.873080E-2
2.891132E1,-1.678842E-1,4.493662E-2
2.894467E1,-1.783905E-1,5.095356E-2
2.897801E1,-1.797265E-1,5.184664E-2
2.901136E1,-1.762764E-1,4.980988E-2
2.904471E1,-1.670412E-1,4.447730E-2
2.907805E1,-1.538439E-1,3.703534E-2
2.911140E1,-1.358642E-1,2.858183E-2
2.914475E1,-1.123465E-1,1.936208E-2
2.917809E1,-8.473220E-2,1.123874E-2
2.921144E1,-5.392008E-2,5.038434E-3
2.924479E1,-1.879107E-2,1.559677E-3
2.927813E1,1.246731E-2,2.631368E-3
2.931148E1,4.531103E-2,3.741136E-3
2.934482E1,7.650716E-2,9.630505E-3
2.937817E1,1.038129E-1,1.831062E-2
2.941152E1,1.264663E-1,2.676237E-2
2.944486E1,1.439790E-1,3.419081E-2
2.947821E1,1.602283E-1,4.356037E-2
2.951156E1,1.685701E-1,4.879441E-2
2.954490E1,1.719621E-1,5.078531E-2
2.957825E1,1.697806E-1,4.916095E-2
2.961160E1,1.624129E-1,4.446911E-2
2.964494E1,1.499383E-1,3.778328E-2
2.967829E1,1.327630E-1,2.948984E-2
2.971164E1,1.102549E-1,2.051365E-2
2.974498E1,8.327539E-2,1.209429E-2
2.977833E1,5.324789E-2,4.480545E-3
2.981167E1,2.021100E-2,2.457668E-3
2.984502E1,-1.511187E-2,1.227233E-3
2.987837E1,-4.598093E-2,4.495453E-3
2.991171E1,-7.700462E-2,8.813392E-3
2.994506E1,-1.049861E-1,1.640243E-2
2.997841E1,-1.286850E-1,2.527648E-2
3.001175E1,-1.470743E-1,3.406274E-2
3.004510E1,-1.603382E-1,4.138830E-2
3.007845E1,-1.727811E-1,4.795801E-2
3.011179E1,-1.775676E-1,5.075059E-2
3.014514E1,-1.770812E-1,5.087173E-2
3.017848E1,-1.718627E-1,4.756538E-2
3.021183E1,-1.610308E-1,4.144113E-2
3.024518E1,-1.462760E-1,3.367509E-2
3.027852E1,-1.262917E-1,2.466072E-2
3.031187E1,-1.017000E-1,1.561109E-2
3.034522E1,-7.322291E-2,7.694810E-3
3.037856E1,-4.143534E-2,4.240114E-3
3.041191E1,-1.133472E-2,7.171443E-4
3.044526E1,2.439551E-2,2.788599E-3
3.047860E1,5.664879E-2,4.898118E-3
3.051195E1,8.616468E-2,1.283773E-2
3.054529E1,1.116594E-1,2.100065E-2
3.057864E1,1.320617E-1,2.936722E-2
3.061199E1,1.470658E-1,3.699810E-2
3.064533E1,1.575952E-1,4.260026E-2
3.067868E1,1.674088E-1,4.802279E-2
3.071203E1,1.686576E-1,4.905857E-2
3.074537E1,1.648016E-1,4.661979E-2
3.077872E1,1.554480E-1,4.113991E-2
3.081207E1,1.417736E-1,3.342898E-2
3.084541E1,1.231924E-1,2.504456E-2
3.087876E1,9.914447E-2,1.681586E-2
3.091211E1,7.072017E-2,9.053893E-3
3.094545E1,4.031281E-2,3.793843E-3
3.097880E1,7.658604E-3,2.443085E-3
3.101214E1,-2.549530E-2,2.953144E-3
3.104549E1,-5.737412E-2,5.001350E-3
3.107884E1,-8.683155E-2,1.174717E-2
3.111218E1,-1.128506E-1,1.917637E-2
3.114553E1,-1.342286E-1,2.805988E-2
3.117888E1,-1.506008E-1,3.587096E-2
3.121222E1,-1.622428E-1,4.257053E-2
3.124557E1,-1.731893E-1,4.851138E-2
3.127892E1,-1.759656E-1,5.014290E-2
3.131226E1,-1.737846E-1,4.876220E-2
3.134561E1,-1.664835E-1,4.464064E-2
3.137895E1,-1.541639E-1,3.791013E-2
3.141230E1,-1.375615E-1,2.971775E-2
3.144565E1,-1.160117E-1,2.079659E-2
3.147899E1,-8.984278E-2,1.268824E-2
3.151234E1,-6.061826E-2,5.542888E-3
3.154569E1,-2.859805E-2,3.352012E-3
3.157903E1,4.279179E-3,2.411904E-3
3.161238E1,3.665869E-2,3.281789E-3
3.164573E1,6.721436E-2,7.963310E-3
3.167907E1,9.509240E-2,1.541543E-2
3.171242E1,1.186868E-1,2.361978E-2
3.174576E1,1.370033E-1,3.179480E-2
3.177911E1,1.544750E-1,4.001634E-2
3.181246E1,1.636803E-1,4.523602E-2
3.184580E1,1.679698E-1,4.806465E-2
3.187915E1,1.670522E-1,4.756760E-2
3.191250E1,1.613076E-1,4.386527E-2
3.194584E1,1.500408E-1,3.819681E-2
3.197919E1,1.341725E-1,3.028929E-2
3.201254E1,1.129765E-1,2.153404E-2
3.204588E1,8.769704E-2,1.308222E-2
3.207923E1,5.895427E-2,5.820896E-3
3.211258E1,2.721185E-2,3.037268E-3
3.214592E1,-1.051359E-2,1.117378E-3
3.217927E1,-3.774846E-2,3.799945E-3
3.221261E1,-6.849869E-2,6.870289E-3
3.224596E1,-9.657940E-2,1.386188E-2
3.227931E1,-1.204905E-1,2.219066E-2
3.231265E1,-1.396316E-1,3.000201E-2
3.234600E1,-1.536322E-1,3.777854E-2
3.237935E1,-1.633155E-1,4.289283E-2
3.241269E1,-1.717127E-1,4.759311E-2
3.244604E1,-1.735191E-1,4.867143E-2
3.247939E1,-1.690896E-1,4.597902E-2
3.251273E1,-1.598121E-1,4.062205E-2
3.254608E1,-1.464641E-1,3.368838E-2
3.257942E1,-1.281380E-1,2.535037E-2
3.261277E1,-1.049178E-1,1.665648E-2
3.264612E1,-7.759890E-2,8.893486E-3
3.267946E1,-4.724503E-2,4.204714E-3
3.271281E1,-1.526215E-2,6.311934E-4
3.274616E1,1.734818E-2,2.318414E-3
3.277950E1,4.886080E-2,3.964348E-3
3.281285E1,7.847395E-2,1.011890E-2
3.284620E1,1.043145E-1,1.812737E-2
3.287954E1,1.277118E-1,2.651779E-2
3.291289E1,1.458889E-1,3.469482E-2
3.294624E1,1.584881E-1,4.139299E-2
3.297958E1,1.657292E-1,4.534587E-2
3.301293E1,1.678242E-1,4.658761E-2
3.304627E1,1.649281E-1,4.516378E-2
3.307962E1,1.567023E-1,4.087646E-2
3.311297E1,1.436434E-1,3.411256E-2
3.314631E1,1.251327E-1,2.589856E-2
3.317966E1,1.020002E-1,1.741861E-2
3.321301E1,7.530226E-2,1.014675E-2
3.324635E1,4.535008E-2,3.896547E-3
3.327970E1,1.387396E-2,2.283405E-3
3.331305E1,-1.755054E-2,1.132913E-3
3.334639E1,-4.987154E-2,4.690838E-3
3.337974E1,-7.934884E-2,9.496267E-3
3.341308E1,-1.054829E-1,1.757551E-2
3.344643E1,-1.273865E-1,2.520414E-2
3.347978E1,-1.443039E-1,3.318832E-2
3.351312E1,-1.569467E-1,3.951708E-2
3.354647E1,-1.685165E-1,4.550775E-2
3.357982E1,-1.717850E-1,4.779104E-2
3.361316E1,-1.710303E-1,4.713882E-2
3.364651E1,-1.645939E-1,4.345523E-2
3.367986E1,-1.533793E-1,3.723360E-2
3.371320E1,-1.380429E-1,2.976877E-2
3.374655E1,-1.177922E-1,2.143078E-2
3.377989E1,-9.278732E-2,1.375677E-2
3.381324E1,-6.455386E-2,6.268486E-3
3.384659E1,-3.357911E-2,3.554579E-3
3.387993E1,-1.581890E-3,2.125116E-3
3.391328E1,3.012439E-2,2.803162E-3
3.394663E1,6.049052E-2,7.256344E-3
3.397997E1,8.807098E-2,1.386478E-2
3.401332E1,1.115964E-1,2.140299E-2
3.404667E1,1.299930E-1,2.940050E-2
3.408001E1,1.442984E-1,3.586806E-2
3.411336E1,1.534125E-1,4.053133E-2
3.414671E1,1.614446E-1,4.487417E-2
3.418005E1,1.614345E-1,4.505491E-2
3.421340E1,1.571132E-1,4.218759E-2
3.424674E1,1.466902E-1,3.698353E-2
3.428009E1,1.323240E-1,3.027415E-2
3.431344E1,1.134572E-1,2.234958E-2
3.434678E1,8.936224E-2,1.424628E-2
3.438013E1,6.189034E-2,7.247085E-3
3.441348E1,3.130902E-2,3.007220E-3
3.444682E1,-4.189165E-4,2.351678E-3
3.448017E1,-3.197919E-2,3.450796E-3
3.451352E1,-6.239496E-2,5.687525E-3
3.454686E1,-9.057960E-2,1.186061E-2
3.458021E1,-1.146368E-1,1.964178E-2
3.461355E1,-1.339941E-1,2.724686E-2
3.464690E1,-1.487531E-1,3.462083E-2
3.468025E1,-1.590963E-1,3.994924E-2
3.471359E1,-1.687719E-1,4.508296E-2
3.474694E1,-1.706509E-1,4.625172E-2
3.478029E1,-1.666864E-1,4.404436E-2
3.481363E1,-1.585142E-1,3.968626E-2
3.484698E1,-1.452846E-1,3.318947E-2
3.488033E1,-1.284714E-1,2.565657E-2
3.491367E1,-1.063678E-1,1.706678E-2
3.494702E1,-8.012364E-2,9.334724E-3
3.498036E1,-5.092775E-2,4.275857E-3
3.501371E1,-1.789013E-2,8.609776E-4
3.504706E1,1.176141E-2,2.545738E-3
3.508040E1,4.297933E-2,3.306449E-3
3.511375E1,7.201046E-2,8.971651E-3
3.514710E1,9.839484E-2,1.575569E-2
3.518044E1,1.195335E-1,2.385921E-2
3.521379E1,1.359803E-1,3.120728E-2
3.524714E1,1.514104E-1,3.857176E-2
3.528048E1,1.594472E-1,4.279338E-2
3.531383E1,1.622968E-1,4.434976E-2
3.534718E1,1.605334E-1,4.327468E-2
3.538052E1,1.530128E-1,3.919491E-2
3.541387E1,1.406156E-1,3.269309E-2
3.544721E1,1.240843E-1,2.531273E-2
3.548056E1,1.022922E-1,1.768548E-2
3.551391E1,7.673726E-2,1.048848E-2
3.554725E1,4.788002E-2,4.141473E-3
3.558060E1,1.722671E-2,2.183071E-3
3.561395E1,-1.531459E-2,8.746747E-4
3.564729E1,-4.541979E-2,4.286590E-3
3.568064E1,-7.442351E-2,8.456496E-3
3.571399E1,-1.006328E-1,1.541145E-2
3.574733E1,-1.225474E-1,2.336987E-2
3.578068E1,-1.397565E-1,3.085810E-2
3.581402E1,-1.522906E-1,3.729915E-2
3.584737E1,-1.636774E-1,4.369522E-2
3.588072E1,-1.676605E-1,4.626066E-2
3.591406E1,-1.673471E-1,4.539670E-2
3.594741E1,-1.618438E-1,4.222727E-2
3.598076E1,-1.513171E-1,3.640409E-2
3.601410E1,-1.366922E-1,2.942104E-2
3.604745E1,-1.173218E-1,2.197962E-2
3.608080E1,-9.386016E-2,1.365213E-2
3.611414E1,-6.649208E-2,6.656857E-3
3.614749E1,-3.642494E-2,3.790952E-3
3.618084E1,-1.055249E-2,1.081910E-3
3.621418E1,2.584294E-2,2.797079E-3
3.624753E1,5.598313E-2,4.798963E-3
3.628087E1,8.366577E-2,1.135690E-2
3.631422E1,1.078282E-1,1.853262E-2
3.634757E1,1.294245E-1,2.701501E-2
3.638091E1,1.448990E-1,3.405935E-2
3.641426E1,1.551031E-1,3.944888E-2
3.644761E1,1.604730E-1,4.212078E-2
3.648095E1,1.613872E-1,4.263159E-2
3.651430E1,1.569236E-1,4.032827E-2
3.654765E1,1.473208E-1,3.534720E-2
3.658099E1,1.330160E-1,2.868227E-2
3.661434E1,1.136557E-1,2.108042E-2
3.664768E1,9.020067E-2,1.337791E-2
3.668103E1,6.352150E-2,6.880166E-3
3.671438E1,3.363866E-2,3.042310E-3
3.674772E1,2.699780E-3,2.261121E-3
3.678107E1,-2.835483E-2,2.921463E-3
3.681442E1,-5.808693E-2,5.082888E-3
3.684776E1,-8.601108E-2,1.134863E-2
3.688111E1,-1.098586E-1,1.867862E-2
3.691446E1,-1.295270E-1,2.635885E-2
3.694780E1,-1.444585E-1,3.333512E-2
3.698115E1,-1.582953E-1,4.066650E-2
3.701449E1,-1.647951E-1,4.454866E-2
3.704784E1,-1.668942E-1,4.553908E-2
3.708119E1,-1.639091E-1,4.382315E-2
3.711453E1,-1.560686E-1,3.917067E-2
3.714788E1,-1.438823E-1,3.305838E-2
3.718123E1,-1.272088E-1,2.538566E-2
3.721457E1,-1.058693E-1,1.743274E-2
3.724792E1,-8.055414E-2,1.000337E-2
3.728127E1,-5.218458E-2,4.554425E-3
3.731461E1,-1.993828E-2,1.231375E-3
3.734796E1,9.174450E-3,2.492504E-3
3.738131E1,3.954623E-2,3.304750E-3
3.741465E1,6.826612E-2,8.435798E-3
3.744800E1,9.390792E-2,1.517031E-2
3.748134E1,1.150057E-1,2.250217E-2
3.751469E1,1.315788E-1,2.910982E-2
3.754804E1,1.474574E-1,3.683138E-2
3.758138E1,1.555100E-1,4.095072E-2
3.761473E1,1.587366E-1,4.265135E-2
3.764808E1,1.568072E-1,4.154030E-2
3.768142E1,1.500158E-1,3.839796E-2
3.771477E1,1.385787E-1,3.234419E-2
3.774812E1,1.221542E-1,2.539373E-2
3.778146E1,1.011742E-1,1.767669E-2
3.781481E1,7.642274E-2,1.041493E-2
3.784815E1,4.847740E-2,4.193827E-3
3.788150E1,1.851374E-2,2.463976E-3
3.791485E1,-1.290612E-2,1.173891E-3
3.794819E1,-4.260668E-2,4.036749E-3
3.798154E1,-7.117451E-2,7.467540E-3
3.801489E1,-9.710712E-2,1.413718E-2
3.804823E1,-1.190420E-1,2.180480E-2
3.808158E1,-1.362515E-1,2.925259E-2
3.811493E1,-1.522183E-1,3.653944E-2
3.814827E1,-1.608223E-1,4.139143E-2
3.818162E1,-1.652413E-1,4.405531E-2
3.821496E1,-1.647416E-1,4.383692E-2
3.824831E1,-1.596495E-1,4.117731E-2
3.828166E1,-1.495506E-1,3.586868E-2
3.831500E1,-1.351505E-1,2.859221E-2
3.834835E1,-1.161604E-1,2.077315E-2
3.838170E1,-9.306636E-2,1.309099E-2
3.841504E1,-6.656834E-2,6.512442E-3
3.844839E1,-3.748193E-2,3.682738E-3
3.848174E1,-9.548499E-3,6.782422E-4
3.851508E1,2.360646E-2,2.217853E-3
3.854843E1,5.302197E-2,4.534602E-3
3.858178E1,8.011006E-2,1.086624E-2
3.861512E1,1.034428E-1,1.740443E-2
3.864847E1,1.220914E-1,2.497238E-2
3.868181E1,1.363521E-1,3.116465E-2
3.871516E1,1.497179E-1,3.773967E-2
3.874851E1,1.551023E-1,4.061034E-2
3.878185E1,1.562203E-1,4.087028E-2
3.881520E1,1.520875E-1,3.882184E-2
3.884855E1,1.431028E-1,3.409100E-2
3.888189E1,1.292765E-1,2.811204E-2
3.891524E1,1.113036E-1,2.053083E-2
3.894859E1,8.868675E-2,1.345244E-2
3.898193E1,6.267758E-2,6.872656E-3
3.901528E1,3.350224E-2,3.006478E-3
3.904862E1,3.300582E-3,2.109785E-3
3.908197E1,-2.720706E-2,3.019689E-3
3.911532E1,-5.648242E-2,4.967619E-3
3.914866E1,-8.364280E-2,1.124450E-2
3.918201E1,-1.071031E-1,1.758658E-2
3.921536E1,-1.263548E-1,2.510266E-2
3.924870E1,-1.411975E-1,3.183013E-2
3.928205E1,-1.514768E-1,3.672262E-2
3.931540E1,-1.606609E-1,4.171962E-2
3.934874E1,-1.632157E-1,4.314687E-2
3.938209E1,-1.604390E-1,4.154640E-2
3.941544E1,-1.530285E-1,3.712422E-2
3.944878E1,-1.406739E-1,3.112741E-2
3.948213E1,-1.248725E-1,2.413857E-2
3.951547E1,-1.040528E-1,1.675978E-2
3.954882E1,-7.927798E-2,9.579127E-3
3.958217E1,-5.167154E-2,4.406018E-3
3.961551E1,-2.033215E-2,9.900426E-4
3.964886E1,8.411625E-3,2.291656E-3
3.968221E1,3.822829E-2,3.110101E-3
3.971555E1,6.624718E-2,7.597600E-3
3.974890E1,9.133965E-2,1.413145E-2
3.978225E1,1.122860E-1,2.109988E-2
3.981559E1,1.285554E-1,2.781895E-2
3.984894E1,1.435419E-1,3.469028E-2
3.988228E1,1.516858E-1,3.862908E-2
3.991563E1,1.549032E-1,4.028536E-2
3.994898E1,1.533152E-1,3.969822E-2
3.998232E1,1.464930E-1,3.609625E-2
4.001567E1,1.349093E-1,3.039975E-2
4.004902E1,1.195036E-1,2.373700E-2
4.008236E1,9.905076E-2,1.660272E-2
4.011571E1,7.471926E-2,9.967109E-3
4.014906E1,4.737841E-2,4.136783E-3
4.018240E1,1.804007E-2,2.245632E-3
4.021575E1,-1.267207E-2,1.017841E-3
4.024909E1,-4.181072E-2,3.865663E-3
4.028244E1,-6.972154E-2,7.579558E-3
4.031579E1,-9.514474E-2,1.375507E-2
4.034913E1,-1.162988E-1,2.109525E-2
4.038248E1,-1.332948E-1,2.788625E-2
4.041583E1,-1.488151E-1,3.530589E-2
4.044917E1,-1.575687E-1,3.999190E-2
4.048252E1,-1.617038E-1,4.229084E-2
4.051587E1,-1.613173E-1,4.199878E-2
4.054921E1,-1.561325E-1,3.916975E-2
4.058256E1,-1.465271E-1,3.420558E-2
4.061591E1,-1.322162E-1,2.756371E-2
4.064925E1,-1.135567E-1,1.998350E-2
4.068260E1,-9.109320E-2,1.251475E-2
4.071594E1,-6.487755E-2,6.172769E-3
4.074929E1,-3.626602E-2,3.527798E-3
4.078264E1,-9.150223E-3,1.002457E-3
4.081598E1,2.328538E-2,2.232384E-3
4.084933E1,5.202127E-2,4.225733E-3
4.088268E1,7.853705E-2,1.044872E-2
4.091602E1,1.012336E-1,1.758490E-2
4.094937E1,1.195123E-1,2.415138E-2
4.098272E1,1.369610E-1,3.139633E-2
4.101606E1,1.467673E-1,3.642404E-2
4.104941E1,1.525390E-1,3.926421E-2
4.108275E1,1.533102E-1,3.950403E-2
4.111610E1,1.491514E-1,3.752502E-2
4.114945E1,1.401918E-1,3.281714E-2
4.118279E1,1.260491E-1,2.683164E-2
4.121614E1,1.082586E-1,2.002389E-2
4.124949E1,8.600152E-2,1.307487E-2
4.128283E1,6.024117E-2,6.664692E-3
4.131618E1,3.202969E-2,2.939387E-3
4.134953E1,2.416437E-3,2.013831E-3
4.138287E1,-2.733164E-2,2.931851E-3
4.141622E1,-5.605135E-2,4.805839E-3
4.144956E1,-8.246400E-2,1.002560E-2
4.148291E1,-1.052606E-1,1.714103E-2
4.151626E1,-1.244501E-1,2.414041E-2
4.154960E1,-1.389878E-1,3.034101E-2
4.158295E1,-1.520825E-1,3.667753E-2
4.161630E1,-1.586153E-1,4.008674E-2
4.164964E1,-1.605828E-1,4.109394E-2
4.168299E1,-1.578075E-1,3.958156E-2
4.171634E1,-1.501370E-1,3.551552E-2
4.174968E1,-1.380329E-1,2.978453E-2
4.178303E1,-1.217947E-1,2.284154E-2
4.181638E1,-1.011537E-1,1.549980E-2
4.184972E1,-7.671620E-2,8.775137E-3
4.188307E1,-4.953965E-2,3.945521E-3
4.191641E1,-1.917004E-2,1.149533E-3
4.194976E1,9.247207E-3,2.228623E-3
4.198311E1,3.844644E-2,3.295811E-3
4.201645E1,6.563202E-2,7.653339E-3
4.204980E1,9.001656E-2,1.406936E-2
4.208315E1,1.102167E-1,2.078025E-2
4.211649E1,1.258871E-1,2.740842E-2
4.214984E1,1.403084E-1,3.334032E-2
4.218319E1,1.481201E-1,3.750569E-2
4.221653E1,1.512803E-1,3.903053E-2
4.224988E1,1.494266E-1,3.804699E-2
4.228322E1,1.428213E-1,3.411345E-2
4.231657E1,1.312150E-1,2.903861E-2
4.234992E1,1.158600E-1,2.268709E-2
4.238326E1,9.563406E-2,1.577158E-2
4.241661E1,7.121935E-2,9.069650E-3
4.244996E1,4.451794E-2,3.612178E-3
4.248330E1,1.615649E-2,2.106504E-3
4.251665E1,-1.302538E-2,1.121013E-3
4.255000E1,-4.245175E-2,3.848804E-3
4.258334E1,-6.959999E-2,7.533013E-3
4.261669E1,-9.416168E-2,1.375875E-2
4.265004E1,-1.146652E-1,2.038655E-2
4.268338E1,-1.309828E-1,2.707927E-2
4.271673E1,-1.464029E-1,3.387657E-2
4.275007E1,-1.546225E-1,3.829962E-2
4.278342E1,-1.584750E-1,4.036858E-2
4.281677E1,-1.578644E-1,4.015802E-2
4.285011E1,-1.525133E-1,3.712890E-2
4.288346E1,-1.424715E-1,3.221602E-2
4.291681E1,-1.283543E-1,2.578272E-2
4.295015E1,-1.099184E-1,1.890007E-2
4.298350E1,-8.745023E-2,1.174461E-2
4.301685E1,-6.156895E-2,5.853150E-3
4.305019E1,-3.367324E-2,3.302007E-3
4.308354E1,-5.056879E-3,1.555419E-3
4.311688E1,2.466070E-2,2.149375E-3
4.315023E1,5.248582E-2,4.682995E-3
4.318358E1,7.797883E-2,1.062706E-2
4.321692E1,9.997202E-2,1.696908E-2
4.325027E1,1.178879E-1,2.336972E-2
4.328362E1,1.347033E-1,2.994086E-2
4.331696E1,1.443699E-1,3.468986E-2
4.335031E1,1.493774E-1,3.739764E-2
4.338366E1,1.495014E-1,3.759128E-2
4.341700E1,1.452310E-1,3.511010E-2
4.345035E1,1.360208E-1,3.077948E-2
4.348369E1,1.224398E-1,2.512115E-2
4.351704E1,1.043819E-1,1.842518E-2
4.355039E1,8.177305E-2,1.176321E-2
4.358373E1,5.671824E-2,5.759982E-3
4.361708E1,2.887552E-2,2.566059E-3
4.365043E1,-1.643745E-4,1.881616E-3
4.368377E1,-2.932011E-2,2.999510E-3
4.371712E1,-5.700945E-2,5.114847E-3
4.375047E1,-8.259017E-2,1.071404E-2
4.378381E1,-1.050016E-1,1.696800E-2
4.381716E1,-1.230859E-1,2.357126E-2
4.385051E1,-1.367062E-1,2.952179E-2
4.388385E1,-1.491287E-1,3.600550E-2
4.391720E1,-1.554208E-1,3.883527E-2
4.395054E1,-1.569709E-1,3.974913E-2
4.398389E1,-1.536578E-1,3.804999E-2
4.401724E1,-1.455051E-1,3.387335E-2
4.405058E1,-1.332864E-1,2.829250E-2
4.408393E1,-1.174573E-1,2.147606E-2
4.411728E1,-9.693143E-2,1.428874E-2
4.415062E1,-7.288619E-2,7.974106E-3
4.418397E1,-4.588790E-2,3.989492E-3
4.421732E1,-1.618301E-2,7.571280E-4
4.425066E1,1.145706E-2,2.078482E-3
4.428401E1,3.994072E-2,3.450718E-3
4.431735E1,6.630851E-2,7.797621E-3
4.435070E1,9.002089E-2,1.390409E-2
4.438405E1,1.092445E-1,2.029266E-2
4.441739E1,1.277309E-1,2.714821E-2
4.445074E1,1.390305E-1,3.234091E-2
4.448409E1,1.461883E-1,3.615074E-2
4.451743E1,1.485826E-1,3.751661E-2
4.455078E1,1.462200E-1,3.628665E-2
4.458413E1,1.389051E-1,3.232620E-2
4.461747E1,1.271469E-1,2.714654E-2
4.465082E1,1.115881E-1,2.101613E-2
4.468416E1,9.113638E-2,1.450890E-2
4.471751E1,6.729704E-2,7.968190E-3
4.475086E1,4.097066E-2,3.437069E-3
4.478420E1,1.248948E-2,2.079096E-3
4.481755E1,-1.661755E-2,1.114557E-3
4.485090E1,-4.447111E-2,3.993063E-3
4.488424E1,-7.084722E-2,7.854030E-3
4.491759E1,-9.448497E-2,1.405066E-2
4.495094E1,-1.143968E-1,2.052891E-2
4.498428E1,-1.302449E-1,2.675089E-2
4.501763E1,-1.438489E-1,3.339468E-2
4.505098E1,-1.520962E-1,3.741259E-2
4.508432E1,-1.554705E-1,3.914198E-2
4.511767E1,-1.542976E-1,3.849593E-2
4.515101E1,-1.485875E-1,3.527251E-2
4.518436E1,-1.383114E-1,3.034562E-2
4.521771E1,-1.238562E-1,2.415577E-2
4.525105E1,-1.051367E-1,1.727101E-2
4.528440E1,-8.276303E-2,1.061169E-2
4.531775E1,-5.717056E-2,5.278832E-3
4.535109E1,-2.955235E-2,3.083100E-3
4.538444E1,-7.813801E-4,1.796285E-3
4.541779E1,2.760412E-2,2.619653E-3
4.545113E1,5.460780E-2,4.888332E-3
4.548448E1,7.907580E-2,1.044733E-2
4.551782E1,1.004260E-1,1.653175E-2
4.555117E1,1.169175E-1,2.295353E-2
4.558452E1,1.324556E-1,2.948036E-2
4.561786E1,1.416504E-1,3.373501E-2
4.565121E1,1.458333E-1,3.617500E-2
4.568456E1,1.455735E-1,3.615626E-2
4.571790E1,1.408027E-1,3.353188E-2
4.575125E1,1.311490E-1,2.939056E-2
4.578460E1,1.169276E-1,2.303753E-2
4.581794E1,9.908093E-2,1.718048E-2
4.585129E1,7.670127E-2,1.056656E-2
4.588464E1,5.167583E-2,4.325944E-3
4.591798E1,2.411963E-2,2.445848E-3
4.595133E1,-5.095970E-3,1.365700E-3
4.598467E1,-3.255135E-2,3.082208E-3
4.601802E1,-5.938248E-2,5.729682E-3
4.605137E1,-8.413431E-2,1.122364E-2
4.608471E1,-1.053961E-1,1.753579E-2
4.611806E1,-1.224739E-1,2.382981E-2
4.615141E1,-1.381149E-1,3.051123E-2
4.618475E1,-1.477568E-1,3.507281E-2
4.621810E1,-1.530362E-1,3.780754E-2
4.625145E1,-1.539242E-1,3.815263E-2
4.628479E1,-1.501691E-1,3.592461E-2
4.631814E1,-1.419590E-1,3.184506E-2
4.635148E1,-1.291102E-1,2.612958E-2
4.638483E1,-1.124161E-1,1.994088E-2
4.641818E1,-9.185565E-2,1.308241E-2
4.645152E1,-6.766233E-2,6.851574E-3
4.648487E1,-4.100173E-2,3.509502E-3
4.651822E1,-1.356649E-2,7.549768E-4
4.655156E1,1.543401E-2,2.008585E-3
4.658491E1,4.289985E-2,3.384910E-3
4.661826E1,6.870187E-2,7.635298E-3
4.665160E1,9.108602E-2,1.402414E-2
4.668495E1,1.111239E-1,2.107531E-2
4.671829E1,1.275700E-1,2.676437E-2
4.675164E1,1.384433E-1,3.157760E-2
4.678499E1,1.445404E-1,3.470057E-2
4.681833E1,1.459662E-1,3.596773E-2
4.685168E1,1.427014E-1,3.405952E-2
4.688503E1,1.349621E-1,2.995263E-2
4.691837E1,1.229387E-1,2.433527E-2
4.695172E1,1.064131E-1,1.868840E-2
4.698507E1,8.549781E-2,1.280349E-2
4.701841E1,6.176385E-2,6.459802E-3
4.705176E1,3.524927E-2,2.414511E-3
4.708511E1,7.516494E-3,1.859981E-3
4.711845E1,-1.962976E-2,1.609656E-3
4.715180E1,-4.787399E-2,4.121224E-3
4.718514E1,-7.326576E-2,7.845536E-3
4.721849E1,-9.598544E-2,1.410185E-2
4.725184E1,-1.147277E-1,2.068253E-2
4.728518E1,-1.295462E-1,2.604479E-2
4.731853E1,-1.426059E-1,3.202869E-2
4.735188E1,-1.496963E-1,3.580137E-2
4.738522E1,-1.521149E-1,3.717051E-2
4.741857E1,-1.505743E-1,3.631107E-2
4.745192E1,-1.441156E-1,3.283142E-2
4.748526E1,-1.333828E-1,2.768635E-2
4.751861E1,-1.185505E-1,2.155888E-2
4.755195E1,-9.968637E-2,1.502049E-2
4.758530E1,-7.727206E-2,8.685558E-3
4.761865E1,-5.193785E-2,4.077917E-3
4.765199E1,-2.322580E-2,1.096422E-3
4.768534E1,3.811968E-3,1.787031E-3
4.771869E1,3.136422E-2,2.509720E-3
4.775203E1,5.739033E-2,6.045510E-3
4.778538E1,8.107330E-2,1.104989E-2
4.781873E1,1.009943E-1,1.687968E-2
4.785207E1,1.169650E-1,2.297483E-2
4.788542E1,1.318129E-1,2.949360E-2
4.791876E1,1.395231E-1,3.284334E-2
4.795211E1,1.429332E-1,3.459995E-2
4.798546E1,1.419964E-1,3.382240E-2
4.801880E1,1.362831E-1,3.116144E-2
4.805215E1,1.263115E-1,2.707919E-2
4.808550E1,1.122983E-1,2.134171E-2
4.811884E1,9.334330E-2,1.480875E-2
4.815219E1,7.028651E-2,8.480326E-3
4.818554E1,4.521572E-2,3.796977E-3
4.821888E1,1.854081E-2,2.393558E-3
4.825223E1,-1.083993E-2,1.177313E-3
4.828558E1,-3.693460E-2,3.013108E-3
4.831892E1,-6.299837E-2,5.939025E-3
4.835227E1,-8.672975E-2,1.137301E-2
4.838561E1,-1.066383E-1,1.784987E-2
4.841896E1,-1.225200E-1,2.375528E-2
4.845231E1,-1.371134E-1,2.977090E-2
4.848565E1,-1.460975E-1,3.380902E-2
4.851900E1,-1.502354E-1,3.592685E-2
4.855235E1,-1.501558E-1,3.615165E-2
4.858569E1,-1.450886E-1,3.367977E-2
4.861904E1,-1.366634E-1,2.949836E-2
4.865239E1,-1.235642E-1,2.367736E-2
4.868573E1,-1.066802E-1,1.766200E-2
4.871908E1,-8.538783E-2,1.111912E-2
4.875242E1,-6.124901E-2,6.039743E-3
4.878577E1,-3.505728E-2,3.291502E-3
4.881912E1,-9.818252E-3,9.146530E-4
4.885246E1,2.007392E-2,1.301812E-3
4.888581E1,4.659747E-2,3.853610E-3
4.891916E1,7.114993E-2,8.664732E-3
4.895250E1,9.307147E-2,1.463483E-2
4.898585E1,1.121293E-1,2.083142E-2
4.901920E1,1.269074E-1,2.652046E-2
4.905254E1,1.365003E-1,3.078501E-2
4.908589E1,1.414865E-1,3.361398E-2
4.911924E1,1.423389E-1,3.393847E-2
4.915258E1,1.384151E-1,3.170841E-2
4.918593E1,1.298033E-1,2.794295E-2
4.921927E1,1.168862E-1,2.264918E-2
4.925262E1,9.985153E-2,1.725457E-2
4.928597E1,7.905991E-2,1.074676E-2
4.931931E1,5.526012E-2,4.785278E-3
4.935266E1,2.882386E-2,2.352133E-3
4.938601E1,1.446513E-3,1.911092E-3
4.941935E1,-2.583579E-2,2.790329E-3
4.945270E1,-5.225281E-2,4.258142E-3
4.948605E1,-7.688892E-2,9.080768E-3
4.951939E1,-9.833991E-2,1.443556E-2
4.955274E1,-1.157765E-1,2.083535E-2
4.958608E1,-1.322930E-1,2.728141E-2
4.961943E1,-1.421776E-1,3.151310E-2
4.965278E1,-1.484692E-1,3.468191E-2
4.968612E1,-1.498424E-1,3.554612E-2
4.971947E1,-1.471998E-1,3.416759E-2
4.975282E1,-1.398151E-1,3.078556E-2
4.978616E1,-1.281412E-1,2.540745E-2
4.981951E1,-1.126044E-1,1.965310E-2
4.985286E1,-9.323008E-2,1.305451E-2
4.988620E1,-7.036125E-2,7.370120E-3
4.991955E1,-4.507270E-2,3.651549E-3
4.995289E1,-1.726104E-2,8.745463E-4
4.998624E1,9.278094E-3,1.947132E-3
5.001959E1,3.640559E-2,3.029173E-3
5.005293E1,6.173712E-2,7.097361E-3
5.008628E1,8.397199E-2,1.229126E-2
5.011963E1,1.024846E-1,1.793854E-2
5.015297E1,1.196175E-1,2.400123E-2
5.018632E1,1.304663E-1,2.926576E-2
5.021967E1,1.376804E-1,3.200844E-2
5.025301E1,1.402172E-1,3.322406E-2
5.028636E1,1.382967E-1,3.224206E-2
5.031971E1,1.315866E-1,2.945255E-2
5.035305E1,1.203525E-1,2.426282E-2
5.038640E1,1.053847E-1,1.870757E-2
5.041974E1,8.647300E-2,1.309809E-2
5.045309E1,6.395874E-2,7.520171E-3
5.048644E1,3.875493E-2,3.335128E-3
5.051978E1,1.198548E-2,1.538706E-3
5.055313E1,-1.543608E-2,1.038157E-3
5.058648E1,-4.203902E-2,3.738044E-3
5.061982E1,-6.696922E-2,7.281854E-3
5.065317E1,-8.947521E-2,1.238483E-2
5.068652E1,-1.084222E-1,1.772687E-2
5.071986E1,-1.231814E-1,2.367561E-2
5.075321E1,-1.369015E-1,2.979879E-2
5.078655E1,-1.444851E-1,3.340831E-2
5.081990E1,-1.476978E-1,3.477900E-2
5.085325E1,-1.467077E-1,3.429275E-2
5.088659E1,-1.410190E-1,3.152802E-2
5.091994E1,-1.310356E-1,2.723524E-2
5.095329E1,-1.173487E-1,2.162670E-2
5.098663E1,-9.979854E-2,1.528204E-2
5.101998E1,-7.846725E-2,9.199701E-3
5.105333E1,-5.427469E-2,4.771535E-3
5.108667E1,-2.810294E-2,2.933734E-3
5.112002E1,-7.835383E-4,1.652265E-3
5.115336E1,2.607976E-2,2.251494E-3
5.118671E1,5.147790E-2,4.098268E-3
5.122006E1,7.482329E-2,1.011137E-2
5.125340E1,9.464688E-2,1.544620E-2
5.128675E1,1.103711E-1,2.109924E-2
5.132010E1,1.256427E-1,2.700978E-2
5.135344E1,1.336819E-1,3.032680E-2
5.138679E1,1.377980E-1,3.206060E-2
5.142014E1,1.377515E-1,3.189803E-2
5.145348E1,1.327909E-1,2.968858E-2
5.148683E1,1.235329E-1,2.542028E-2
5.152018E1,1.101224E-1,2.050463E-2
5.155352E1,9.290909E-2,1.460927E-2
5.158687E1,7.119705E-2,9.047419E-3
5.162021E1,4.758742E-2,4.030334E-3
5.165356E1,2.157718E-2,2.224484E-3
5.168691E1,-6.736585E-3,6.958226E-4
5.172025E1,-3.224323E-2,3.110944E-3
5.175360E1,-5.746624E-2,5.201302E-3
5.178695E1,-8.072164E-2,1.027215E-2
5.182029E1,-1.011448E-1,1.568099E-2
5.185364E1,-1.173738E-1,2.155413E-2
5.188699E1,-1.322875E-1,2.715488E-2
5.192033E1,-1.412179E-1,3.147790E-2
5.195368E1,-1.457841E-1,3.394764E-2
5.198702E1,-1.463455E-1,3.418292E-2
5.202037E1,-1.422114E-1,3.202962E-2
5.205372E1,-1.341501E-1,2.811963E-2
5.208706E1,-1.218019E-1,2.327276E-2
5.212041E1,-1.055252E-1,1.722607E-2
5.215376E1,-8.584247E-2,1.130197E-2
5.218710E1,-6.281510E-2,5.965117E-3
5.222045E1,-3.764197E-2,2.977133E-3
5.225380E1,-1.245854E-2,7.084898E-4
5.228714E1,1.607208E-2,1.968351E-3
5.232049E1,4.171633E-2,3.366689E-3
5.235384E1,6.595370E-2,7.592023E-3
5.238718E1,8.716382E-2,1.292772E-2
5.242053E1,1.066403E-1,1.856321E-2
5.245387E1,1.212647E-1,2.392088E-2
5.248722E1,1.309356E-1,2.799535E-2
5.252057E1,1.363690E-1,3.053299E-2
5.255391E1,1.374719E-1,3.129116E-2
5.258726E1,1.343788E-1,2.988042E-2
5.262061E1,1.269661E-1,2.662248E-2
5.265395E1,1.145903E-1,2.155014E-2
5.268730E1,9.889700E-2,1.594160E-2
5.272065E1,7.901008E-2,1.027034E-2
5.275399E1,5.603371E-2,5.337309E-3
5.278734E1,3.089067E-2,2.542642E-3
5.282068E1,4.394981E-3,1.821646E-3
5.285403E1,-2.116859E-2,1.784009E-3
5.288738E1,-4.827552E-2,4.064914E-3
5.292072E1,-7.211224E-2,8.056766E-3
5.295407E1,-9.325811E-2,1.327107E-2
5.298742E1,-1.105498E-1,1.888181E-2
5.302076E1,-1.271414E-1,2.516111E-2
5.305411E1,-1.369931E-1,2.947444E-2
5.308746E1,-1.431786E-1,3.237854E-2
5.312080E1,-1.452329E-1,3.345288E-2
5.315415E1,-1.429533E-1,3.235663E-2
5.318749E1,-1.362110E-1,2.923625E-2
5.322084E1,-1.253544E-1,2.443012E-2
5.325419E1,-1.106925E-1,1.876925E-2
5.328753E1,-9.235167E-2,1.291208E-2
5.332088E1,-7.053153E-2,7.447817E-3
5.335423E1,-4.636746E-2,3.786873E-3
5.338757E1,-1.915333E-2,1.053015E-3
5.342092E1,6.322106E-3,1.871718E-3
5.345427E1,3.254266E-2,2.571387E-3
5.348761E1,5.703127E-2,6.173223E-3
5.352096E1,7.888733E-2,1.097438E-2
5.355431E1,9.702317E-2,1.582122E-2
5.358765E1,1.115614E-1,2.103953E-2
5.362100E1,1.220523E-1,2.510638E-2
5.365434E1,1.317616E-1,2.938796E-2
5.368769E1,1.346728E-1,3.076580E-2
5.372104E1,1.329502E-1,2.978284E-2
5.375438E1,1.268567E-1,2.708790E-2
5.378773E1,1.163582E-1,2.271326E-2
5.382108E1,1.025673E-1,1.776752E-2
5.385442E1,8.488064E-2,1.221559E-2
5.388777E1,6.336524E-2,6.875505E-3
5.392112E1,3.923085E-2,3.003963E-3
5.395446E1,1.320236E-2,1.959934E-3
5.398781E1,-1.436293E-2,1.202711E-3
5.402115E1,-3.910102E-2,3.118229E-3
5.405450E1,-6.324844E-2,6.052137E-3
5.408785E1,-8.555810E-2,1.120535E-2
5.412119E1,-1.040733E-1,1.681838E-2
5.415454E1,-1.209159E-1,2.312587E-2
5.418789E1,-1.325908E-1,2.779744E-2
5.422123E1,-1.403382E-1,3.135767E-2
5.425458E1,-1.438043E-1,3.287268E-2
5.428793E1,-1.428930E-1,3.265162E-2
5.432127E1,-1.376667E-1,3.026652E-2
5.435462E1,-1.280952E-1,2.610730E-2
5.438796E1,-1.148097E-1,2.071650E-2
5.442131E1,-9.812157E-2,1.505983E-2
5.445466E1,-7.754390E-2,9.315796E-3
5.448800E1,-5.415401E-2,4.795431E-3
5.452135E1,-2.885223E-2,2.878016E-3
5.455470E1,-2.561355E-3,1.716117E-3
5.458804E1,2.329923E-2,2.086466E-3
5.462139E1,4.825700E-2,4.102611E-3
5.465474E1,7.126278E-2,8.693046E-3
5.468808E1,9.188811E-2,1.437789E-2
5.472143E1,1.091545E-1,1.995967E-2
5.475478E1,1.221922E-1,2.484983E-2
5.478812E1,1.302089E-1,2.863136E-2
5.482147E1,1.346223E-1,3.031706E-2
5.485481E1,1.345631E-1,3.026429E-2
5.488816E1,1.298136E-1,2.836048E-2
5.492151E1,1.210074E-1,2.446913E-2
5.495485E1,1.079646E-1,1.962504E-2
5.498820E1,9.095691E-2,1.412112E-2
5.502155E1,7.020071E-2,8.769870E-3
5.505489E1,4.701925E-2,4.078646E-3
5.508824E1,2.198659E-2,2.128859E-3
5.512159E1,-4.130234E-3,1.677075E-3
5.515493E1,-2.994650E-2,2.894111E-3
5.518828E1,-5.455453E-2,5.284377E-3
5.522162E1,-7.730126E-2,9.813874E-3
5.525497E1,-9.696311E-2,1.480536E-2
5.528832E1,-1.130712E-1,1.999763E-2
5.532166E1,-1.272968E-1,2.594639E-2
5.535501E1,-1.362334E-1,2.989158E-2
5.538836E1,-1.412593E-1,3.193076E-2
5.542170E1,-1.418425E-1,3.207008E-2
5.545505E1,-1.383523E-1,3.060115E-2
5.548840E1,-1.303288E-1,2.684148E-2
5.552174E1,-1.182894E-1,2.198873E-2
5.555509E1,-1.030843E-1,1.646123E-2
5.558844E1,-8.393032E-2,1.084762E-2
5.562178E1,-6.154259E-2,5.942117E-3
5.565513E1,-3.727949E-2,3.186594E-3
5.568847E1,-1.248735E-2,1.079581E-3
5.572182E1,1.473959E-2,1.642670E-3
5.575517E1,3.977185E-2,3.242840E-3
5.578851E1,6.331133E-2,7.231860E-3
5.582186E1,8.395745E-2,1.172572E-2
5.585521E1,1.026740E-1,1.719739E-2
5.588855E1,1.166541E-1,2.240306E-2
5.592190E1,1.267654E-1,2.658216E-2
5.595525E1,1.319356E-1,2.909431E-2
5.598859E1,1.332182E-1,2.956815E-2
5.602194E1,1.300463E-1,2.813062E-2
5.605528E1,1.228572E-1,2.508839E-2
5.608863E1,1.105867E-1,2.057506E-2
5.612198E1,9.552692E-2,1.508741E-2
5.615532E1,7.666595E-2,9.715255E-3
5.618867E1,5.438460E-2,4.878192E-3
5.622202E1,3.007663E-2,2.390107E-3
5.625536E1,4.318503E-3,1.924339E-3
5.628871E1,-2.019538E-2,1.567695E-3
5.632206E1,-4.639108E-2,3.805871E-3
5.635540E1,-6.954395E-2,7.462663E-3
5.638875E1,-9.013976E-2,1.251056E-2
5.642209E1,-1.071570E-1,1.770117E-2
5.645544E1,-1.204012E-1,2.262994E-2
5.648879E1,-1.323311E-1,2.755393E-2
5.652213E1,-1.386316E-1,3.047842E-2
5.655548E1,-1.404945E-1,3.144784E-2
5.658883E1,-1.383245E-1,3.037182E-2
5.662217E1,-1.320185E-1,2.763394E-2
5.665552E1,-1.211888E-1,2.285068E-2
5.668887E1,-1.072015E-1,1.763042E-2
5.672221E1,-8.961958E-2,1.238313E-2
5.675556E1,-6.831239E-2,7.191257E-3
5.678891E1,-4.489861E-2,3.486998E-3
5.682225E1,-1.862596E-2,1.228522E-3
5.685560E1,6.055175E-3,1.812909E-3
5.688894E1,3.133337E-2,2.773981E-3
5.692229E1,5.525933E-2,5.904159E-3
5.695564E1,7.622575E-2,1.030811E-2
5.698898E1,9.392119E-2,1.514220E-2
5.702233E1,1.080488E-1,1.984736E-2
5.705568E1,1.207231E-1,2.453753E-2
5.708902E1,1.280719E-1,2.753804E-2
5.712237E1,1.305785E-1,2.902490E-2
5.715572E1,1.288988E-1,2.811980E-2
5.718906E1,1.232757E-1,2.550196E-2
5.722241E1,1.130116E-1,2.139655E-2
5.725575E1,9.946200E-2,1.652331E-2
5.728910E1,8.186039E-2,1.152249E-2
5.732245E1,6.103297E-2,6.681837E-3
5.735579E1,3.741250E-2,3.266181E-3
5.738914E1,1.231867E-2,2.030610E-3
5.742249E1,-1.444554E-2,9.994550E-4
5.745583E1,-3.857845E-2,3.242768E-3
5.748918E1,-6.189042E-2,6.193681E-3
5.752253E1,-8.333078E-2,1.058941E-2
5.755587E1,-1.011641E-1,1.578419E-2
5.758922E1,-1.153166E-1,2.094585E-2
5.762256E1,-1.284194E-1,2.590548E-2
5.765591E1,-1.358463E-1,2.883098E-2
5.768926E1,-1.389438E-1,3.068878E-2
5.772260E1,-1.380863E-1,3.031789E-2
5.775595E1,-1.330630E-1,2.791411E-2
5.778930E1,-1.238843E-1,2.407488E-2
5.782264E1,-1.107525E-1,1.895431E-2
5.785599E1,-9.464877E-2,1.360264E-2
5.788934E1,-7.452607E-2,8.360517E-3
5.792268E1,-5.220179E-2,4.450008E-3
5.795603E1,-2.751488E-2,2.765272E-3
5.798938E1,-2.127493E-3,1.760617E-3
5.802272E1,2.283135E-2,2.131405E-3
5.805607E1,4.715142E-2,3.481837E-3
5.808941E1,6.907108E-2,8.180002E-3
5.812276E1,8.740555E-2,1.326088E-2
5.815611E1,1.024075E-1,1.807022E-2
5.818945E1,1.140018E-1,2.238567E-2
5.822280E1,1.246149E-1,2.613137E-2
