t,x,y
3.333624E-2,2.830281E-1,1.124072E-1
6.667248E-2,2.702131E-1,9.774972E-2
1.000087E-1,2.566892E-1,7.127957E-2
1.333450E-1,2.313205E-1,4.290791E-2
1.666812E-1,1.979651E-1,1.198343E-2
2.000174E-1,1.536158E-1,-1.554333E-2
2.333537E-1,1.023769E-1,-3.707982E-2
2.666899E-1,4.233199E-2,-5.433311E-2
3.000262E-1,-1.272206E-2,-5.447715E-2
3.333624E-1,-7.214326E-2,-4.455355E-2
3.666987E-1,-1.160872E-1,-3.634125E-2
4.000349E-1,-1.677083E-1,-1.158517E-2
4.333711E-1,-2.156560E-1,2.485838E-2
4.667074E-1,-2.422753E-1,4.845703E-2
5.000436E-1,-2.609299E-1,7.227857E-2
5.333799E-1,-2.754216E-1,9.232856E-2
5.667161E-1,-2.821134E-1,1.061254E-1
6.000523E-1,-2.843780E-1,1.101001E-1
6.333886E-1,-2.817442E-1,1.070829E-1
6.667248E-1,-2.750683E-1,9.451458E-2
7.000611E-1,-2.606637E-1,7.473492E-2
7.333973E-1,-2.423172E-1,5.051108E-2
7.667336E-1,-2.123565E-1,1.967033E-2
8.000698E-1,-1.742530E-1,-5.288078E-3
8.334060E-1,-1.233254E-1,-2.908158E-2
8.667423E-1,-6.789994E-2,-4.820027E-2
9.000785E-1,-1.265131E-2,-5.814624E-2
9.334148E-1,4.598339E-2,-5.334508E-2
9.667510E-1,1.025890E-1,-3.848931E-2
1.000087E0,1.498980E-1,-1.738951E-2
1.033423E0,1.916150E-1,8.190524E-3
1.066760E0,2.241238E-1,3.542822E-2
1.100096E0,2.552876E-1,6.785675E-2
1.133432E0,2.685835E-1,8.523475E-2
1.166768E0,2.794004E-1,1.014986E-1
1.200105E0,2.832934E-1,1.081562E-1
1.233441E0,2.820917E-1,1.077784E-1
1.266777E0,2.759046E-1,9.736154E-2
1.300113E0,2.632341E-1,7.959515E-2
1.333450E0,2.447343E-1,5.541255E-2
1.366786E0,2.159922E-1,2.884811E-2
1.400122E0,1.770978E-1,-3.479456E-4
1.433458E0,1.289599E-1,-2.605180E-2
1.466795E0,7.064363E-2,-4.736386E-2
1.500131E0,1.661298E-2,-5.299384E-2
1.533467E0,-4.211017E-2,-5.320863E-2
1.566803E0,-9.376046E-2,-3.952282E-2
1.600140E0,-1.454638E-1,-2.308519E-2
1.633476E0,-1.844845E-1,1.855531E-3
1.666812E0,-2.208419E-1,3.143568E-2
1.700148E0,-2.441687E-1,5.251417E-2
1.733485E0,-2.622682E-1,7.399469E-2
1.766821E0,-2.740613E-1,9.165297E-2
1.800157E0,-2.795203E-1,1.003218E-1
1.833493E0,-2.795391E-1,1.015024E-1
1.866830E0,-2.755379E-1,9.368055E-2
1.900166E0,-2.648119E-1,7.899083E-2
1.933502E0,-2.487220E-1,5.735483E-2
1.966838E0,-2.236468E-1,3.413443E-2
2.000174E0,-1.909762E-1,5.400802E-3
2.033511E0,-1.510382E-1,-1.952223E-2
2.066847E0,-1.010456E-1,-4.241615E-2
2.100183E0,-4.396240E-2,-5.232673E-2
2.133519E0,1.668373E-2,-5.666293E-2
2.166856E0,7.064363E-2,-4.736386E-2
2.200192E0,1.226805E-1,-3.351380E-2
2.233528E0,1.676310E-1,-1.166371E-2
2.266864E0,2.042976E-1,1.669362E-2
2.300201E0,2.385702E-1,4.763578E-2
2.333537E0,2.599546E-1,7.122715E-2
2.366873E0,2.733695E-1,8.976495E-2
2.400209E0,2.802318E-1,1.001558E-1
2.433546E0,2.822880E-1,1.030314E-1
2.466882E0,2.782003E-1,9.710945E-2
2.500218E0,2.684144E-1,8.387714E-2
2.533554E0,2.519620E-1,6.288897E-2
2.566891E0,2.284061E-1,3.851326E-2
2.600227E0,1.934318E-1,9.143174E-3
2.633563E0,1.567949E-1,-1.316305E-2
2.666899E0,9.776779E-2,-3.858821E-2
2.700236E0,4.372283E-2,-5.076062E-2
2.733572E0,-4.093555E-6,-5.154007E-2
2.766908E0,-5.588469E-2,-5.040502E-2
2.800244E0,-1.216852E-1,-3.019183E-2
2.833581E0,-1.658915E-1,-1.063252E-2
2.866917E0,-1.949143E-1,7.277879E-3
2.900253E0,-2.301561E-1,3.859698E-2
2.933589E0,-2.550474E-1,6.527477E-2
2.966925E0,-2.657079E-1,8.105658E-2
3.000262E0,-2.739363E-1,9.237698E-2
3.033598E0,-2.757947E-1,9.654777E-2
3.066934E0,-2.737929E-1,9.236237E-2
3.100270E0,-2.654872E-1,8.103856E-2
3.133607E0,-2.547594E-1,6.548682E-2
3.166943E0,-2.300216E-1,3.935510E-2
3.200279E0,-2.003258E-1,1.439665E-2
3.233615E0,-1.649706E-1,-9.188589E-3
3.266952E0,-1.216698E-1,-3.118510E-2
3.300288E0,-7.086671E-2,-4.622112E-2
3.333624E0,-1.000562E-2,-5.258953E-2
3.366960E0,5.148703E-2,-5.323895E-2
3.400297E0,1.044058E-1,-3.753666E-2
3.433633E0,1.431255E-1,-2.043273E-2
3.466969E0,1.830036E-1,1.045974E-3
3.500305E0,2.223600E-1,3.172375E-2
3.533642E0,2.522930E-1,6.355992E-2
3.566978E0,2.609537E-1,7.651345E-2
3.600314E0,2.702923E-1,8.974361E-2
3.633650E0,2.743031E-1,9.524453E-2
3.666987E0,2.723100E-1,9.176783E-2
3.700323E0,2.648416E-1,8.166598E-2
3.733659E0,2.503321E-1,6.364793E-2
3.766995E0,2.305621E-1,4.226109E-2
3.800332E0,1.997112E-1,1.660518E-2
3.833668E0,1.662937E-1,-7.158718E-3
3.867004E0,1.118006E-1,-3.327991E-2
3.900340E0,6.996052E-2,-4.525153E-2
3.933677E0,1.915409E-2,-5.301236E-2
3.967013E0,-3.736914E-2,-5.138006E-2
4.000349E0,-1.046621E-1,-3.953811E-2
4.033685E0,-1.445642E-1,-2.215023E-2
4.067021E0,-1.923528E-1,5.780574E-3
4.100358E0,-2.241377E-1,3.329223E-2
4.133694E0,-2.386239E-1,4.944506E-2
4.167030E0,-2.548929E-1,7.053228E-2
4.200366E0,-2.653034E-1,8.448361E-2
4.233703E0,-2.689949E-1,9.098299E-2
4.267039E0,-2.679499E-1,8.888155E-2
4.300375E0,-2.612240E-1,8.018817E-2
4.333711E0,-2.492478E-1,6.352320E-2
4.367048E0,-2.308409E-1,4.321664E-2
4.400384E0,-2.067998E-1,1.702464E-2
4.433720E0,-1.724040E-1,-6.424889E-3
4.467056E0,-1.279295E-1,-2.825275E-2
4.500393E0,-7.895864E-2,-4.445041E-2
4.533729E0,-2.916222E-2,-5.846463E-2
4.567065E0,2.861950E-2,-5.862155E-2
4.600401E0,8.346776E-2,-4.619895E-2
4.633738E0,1.327092E-1,-2.832262E-2
4.667074E0,1.752986E-1,-2.217868E-3
4.700410E0,2.122005E-1,2.349981E-2
4.733746E0,2.422557E-1,5.310342E-2
4.767083E0,2.606929E-1,7.129649E-2
4.800419E0,2.636171E-1,8.115288E-2
4.833755E0,2.689331E-1,8.899231E-2
4.867091E0,2.685058E-1,8.715240E-2
4.900428E0,2.625377E-1,7.880335E-2
4.933764E0,2.491984E-1,6.317015E-2
4.967100E0,2.313629E-1,4.375493E-2
5.000436E0,2.018927E-1,1.438114E-2
5.033772E0,1.644883E-1,-1.111841E-2
5.067109E0,1.160861E-1,-3.318617E-2
5.100445E0,6.311622E-2,-4.513921E-2
5.133781E0,1.228972E-2,-5.486460E-2
5.167117E0,-4.087682E-2,-5.661862E-2
5.200454E0,-8.816838E-2,-4.400305E-2
5.233790E0,-1.343504E-1,-2.837657E-2
5.267126E0,-1.714063E-1,-9.673607E-3
5.300462E0,-2.016776E-1,1.190425E-2
5.333799E0,-2.428662E-1,5.153491E-2
5.367135E0,-2.489615E-1,6.209230E-2
5.400471E0,-2.609245E-1,7.674194E-2
5.433807E0,-2.663701E-1,8.465434E-2
5.467144E0,-2.662933E-1,8.383334E-2
5.500480E0,-2.597983E-1,7.630348E-2
5.533816E0,-2.487243E-1,6.120401E-2
5.567152E0,-2.312323E-1,4.287548E-2
5.600489E0,-2.068352E-1,1.885919E-2
5.633825E0,-1.696136E-1,-7.951454E-3
5.667161E0,-1.324628E-1,-3.109301E-2
5.700497E0,-7.977142E-2,-5.118204E-2
5.733834E0,-2.648116E-2,-5.474247E-2
5.767170E0,2.760256E-2,-5.186431E-2
5.800506E0,8.068056E-2,-4.441747E-2
5.833842E0,1.281134E-1,-2.973858E-2
5.867179E0,1.617975E-1,-1.234614E-2
5.900515E0,1.960903E-1,1.067595E-2
5.933851E0,2.399532E-1,5.036887E-2
5.967187E0,2.484303E-1,5.975490E-2
6.000523E0,2.595537E-1,7.433927E-2
6.033860E0,2.656100E-1,8.334482E-2
6.067196E0,2.655527E-1,8.308408E-2
6.100532E0,2.605158E-1,7.541793E-2
6.133868E0,2.484992E-1,6.068597E-2
6.167205E0,2.305894E-1,4.244949E-2
6.200541E0,2.042622E-1,1.852816E-2
6.233877E0,1.720853E-1,-4.110126E-3
6.267213E0,1.289953E-1,-2.788634E-2
6.300550E0,8.467222E-2,-4.373479E-2
6.333886E0,2.000553E-2,-5.333515E-2
6.367222E0,-3.196710E-2,-5.576588E-2
6.400558E0,-8.075944E-2,-4.753064E-2
6.433895E0,-1.214806E-1,-3.317794E-2
6.467231E0,-1.626943E-1,-1.082844E-2
6.500567E0,-2.073058E-1,1.931293E-2
6.533903E0,-2.337534E-1,4.498665E-2
6.567240E0,-2.451863E-1,5.665942E-2
6.600576E0,-2.570001E-1,7.113908E-2
6.633912E0,-2.626397E-1,7.988702E-2
6.667248E0,-2.636458E-1,7.991307E-2
6.700585E0,-2.574300E-1,7.327265E-2
6.733921E0,-2.467854E-1,5.869813E-2
6.767257E0,-2.291175E-1,4.072178E-2
6.800593E0,-2.067594E-1,1.722106E-2
6.833930E0,-1.742896E-1,-5.197925E-3
6.867266E0,-1.274558E-1,-2.991137E-2
6.900602E0,-7.908984E-2,-4.827850E-2
6.933938E0,-4.039478E-2,-5.084874E-2
6.967274E0,2.492295E-2,-5.228025E-2
7.000611E0,5.824146E-2,-5.178302E-2
7.033947E0,1.210024E-1,-3.158214E-2
7.067283E0,1.636760E-1,-1.006814E-2
7.100619E0,2.007677E-1,1.469809E-2
7.133956E0,2.287821E-1,3.869656E-2
7.167292E0,2.511552E-1,5.979223E-2
7.200628E0,2.606035E-1,7.090124E-2
7.233964E0,2.666598E-1,8.047959E-2
7.267301E0,2.668235E-1,8.086767E-2
7.300637E0,2.617869E-1,7.321056E-2
7.333973E0,2.509777E-1,5.933747E-2
7.367309E0,2.314463E-1,4.062357E-2
7.400646E0,2.038656E-1,1.676506E-2
7.433982E0,1.714282E-1,-6.820559E-3
7.467318E0,1.250697E-1,-3.023466E-2
7.500654E0,7.313131E-2,-4.886432E-2
7.533991E0,2.107555E-2,-5.353923E-2
7.567327E0,-3.093564E-2,-5.144573E-2
7.600663E0,-7.032442E-2,-5.075355E-2
7.633999E0,-1.262658E-1,-2.949145E-2
7.667336E0,-1.641796E-1,-9.858732E-3
7.700672E0,-1.916509E-1,7.574865E-3
7.734008E0,-2.167811E-1,2.619249E-2
7.767344E0,-2.321226E-1,4.280272E-2
7.800681E0,-2.538440E-1,6.535214E-2
7.834017E0,-2.596241E-1,7.369852E-2
7.867353E0,-2.603370E-1,7.413116E-2
7.900689E0,-2.545681E-1,6.738079E-2
7.934025E0,-2.435410E-1,5.317247E-2
7.967362E0,-2.256003E-1,3.588241E-2
8.000698E0,-2.000168E-1,5.338532E-2
8.034034E0,-1.693620E-1,-7.353481E-3
8.067370E0,-1.281163E-1,-2.987882E-2
8.100707E0,-8.745623E-2,-4.394584E-2
8.134043E0,-3.929994E-2,-5.164284E-2
8.167379E0,2.011144E-2,-5.216346E-2
8.200715E0,7.638653E-2,-4.527077E-2
8.234052E0,1.198710E-1,-3.256258E-2
8.267388E0,1.556033E-1,-1.654014E-2
8.300724E0,1.878200E-1,5.944924E-3
8.334060E0,2.128487E-1,2.481360E-2
8.367397E0,2.293979E-1,4.270297E-2
8.400733E0,2.407541E-1,5.177663E-2
8.434069E0,2.590251E-1,7.201614E-2
8.467405E0,2.587435E-1,7.212027E-2
8.500742E0,2.529524E-1,6.543994E-2
8.534078E0,2.408857E-1,5.094978E-2
8.567414E0,2.224112E-1,3.370677E-2
8.600750E0,1.956882E-1,1.297336E-2
8.634087E0,1.599690E-1,-1.284469E-2
8.667423E0,1.208622E-1,-3.195947E-2
8.700759E0,6.654273E-2,-4.769547E-2
8.734095E0,1.572590E-2,-5.464262E-2
8.767432E0,-3.157944E-2,-5.325976E-2
8.800768E0,-8.127633E-2,-4.687385E-2
8.834104E0,-1.270471E-1,-2.985485E-2
8.867440E0,-1.655206E-1,-1.040005E-2
8.900776E0,-1.980557E-1,1.054632E-2
8.934113E0,-2.250935E-1,3.205771E-2
8.967449E0,-2.424696E-1,5.115688E-2
9.000785E0,-2.509228E-1,6.231371E-2
9.034121E0,-2.558150E-1,6.990378E-2
9.067458E0,-2.561243E-1,6.979596E-2
9.100794E0,-2.501542E-1,6.258977E-2
9.134130E0,-2.380320E-1,4.849287E-2
9.167466E0,-2.196488E-1,3.052347E-2
9.200803E0,-1.953203E-1,1.151710E-2
9.234139E0,-1.619436E-1,-1.021387E-2
9.267475E0,-1.255642E-1,-2.976598E-2
9.300811E0,-6.993514E-2,-4.905770E-2
9.334148E0,-3.132261E-2,-5.115356E-2
9.367484E0,2.131079E-2,-5.170490E-2
9.400820E0,8.098151E-2,-4.274478E-2
9.434156E0,1.245223E-1,-2.761606E-2
9.467493E0,1.585258E-1,-1.274607E-2
9.500829E0,1.899120E-1,7.010636E-3
9.534165E0,2.144489E-1,2.526152E-2
9.567501E0,2.470177E-1,5.858495E-2
9.600838E0,2.572220E-1,6.818586E-2
9.634174E0,2.538604E-1,6.929372E-2
9.667510E0,2.532715E-1,6.896654E-2
9.700846E0,2.465005E-1,6.087999E-2
9.734183E0,2.336638E-1,4.641446E-2
9.767519E0,2.146753E-1,2.814070E-2
9.800855E0,1.871458E-1,6.040025E-3
9.834191E0,1.526169E-1,-1.520540E-2
9.867528E0,1.112618E-1,-3.398066E-2
9.900864E0,6.327539E-2,-4.704112E-2
9.934200E0,2.032322E-2,-5.292594E-2
9.967536E0,-3.802982E-2,-5.200710E-2
1.000087E1,-8.125968E-2,-5.127811E-2
1.003421E1,-1.319090E-1,-3.039551E-2
1.006754E1,-1.640531E-1,-1.438416E-2
1.010088E1,-1.933243E-1,5.256664E-3
1.013422E1,-2.149051E-1,2.449468E-2
1.016755E1,-2.373685E-1,4.972263E-2
1.020089E1,-2.473012E-1,6.109968E-2
1.023423E1,-2.518286E-1,6.632078E-2
1.026756E1,-2.508689E-1,6.523664E-2
1.030090E1,-2.440365E-1,5.725370E-2
1.033423E1,-2.308857E-1,4.303654E-2
1.036757E1,-2.114665E-1,2.459201E-2
1.040091E1,-1.876558E-1,2.341453E-3
1.046758E1,-1.084173E-1,-3.538602E-2
1.050092E1,-6.997420E-2,-4.372860E-2
1.053425E1,-1.230957E-2,-5.624248E-2
1.056759E1,3.695976E-2,-5.399468E-2
1.060092E1,8.574218E-2,-4.332121E-2
1.063426E1,1.235736E-1,-3.119405E-2
1.066760E1,1.607947E-1,-1.204553E-2
1.070093E1,1.912738E-1,6.681317E-3
1.073427E1,2.211855E-1,3.261080E-2
1.076761E1,2.383665E-1,5.013667E-2
1.080094E1,2.463115E-1,5.872494E-2
1.083428E1,2.510448E-1,6.562915E-2
1.086761E1,2.488559E-1,6.136941E-2
1.090095E1,2.410504E-1,5.234517E-2
1.093429E1,2.271602E-1,3.819531E-2
1.096762E1,2.061791E-1,2.002883E-2
1.100096E1,1.771820E-1,-7.665122E-4
1.103430E1,1.415321E-1,-2.258100E-2
1.106763E1,9.698647E-2,-3.735293E-2
1.110097E1,5.242094E-2,-5.109465E-2
1.113430E1,-1.032675E-2,-5.559248E-2
1.116764E1,-5.320472E-2,-5.158563E-2
1.120098E1,-9.721684E-2,-4.058260E-2
1.123431E1,-1.387428E-1,-2.489399E-2
1.126765E1,-1.762076E-1,-6.035308E-3
1.130099E1,-2.061620E-1,1.633916E-2
1.133432E1,-2.281584E-1,3.600533E-2
1.136766E1,-2.442602E-1,5.338460E-2
1.140099E1,-2.520272E-1,6.251317E-2
1.143433E1,-2.542338E-1,6.561941E-2
1.146767E1,-2.519087E-1,6.278353E-2
1.150100E1,-2.442725E-1,5.352919E-2
1.153434E1,-2.294433E-1,3.771530E-2
1.156768E1,-2.075372E-1,1.798033E-2
1.160101E1,-1.783724E-1,-3.325251E-3
1.163435E1,-1.433002E-1,-2.276428E-2
1.166768E1,-1.022677E-1,-3.794627E-2
1.170102E1,-5.703728E-2,-4.977605E-2
1.173436E1,-7.970984E-5,-5.416823E-2
1.176769E1,4.236607E-2,-5.087935E-2
1.180103E1,9.823538E-2,-3.891488E-2
1.183437E1,1.338244E-1,-2.583066E-2
1.186770E1,1.682866E-1,-8.249825E-3
1.190104E1,1.951498E-1,1.126807E-2
1.193437E1,2.149159E-1,2.799441E-2
1.196771E1,2.390808E-1,4.937999E-2
1.200105E1,2.469534E-1,5.868714E-2
1.203438E1,2.492112E-1,6.091384E-2
1.206772E1,2.456144E-1,5.668525E-2
1.210106E1,2.359041E-1,4.631287E-2
1.213439E1,2.189911E-1,3.080728E-2
1.216773E1,1.955789E-1,1.191330E-2
1.220106E1,1.649685E-1,-8.731433E-3
1.223440E1,1.251780E-1,-2.959518E-2
1.226774E1,7.908703E-2,-4.439691E-2
1.230107E1,3.498694E-2,-5.555319E-2
1.233441E1,-1.452243E-2,-5.341616E-2
1.236775E1,-6.510173E-2,-4.923858E-2
1.240108E1,-1.122144E-1,-3.778005E-2
1.243442E1,-1.507392E-1,-1.739593E-2
1.246775E1,-1.791528E-1,-1.436844E-3
1.250109E1,-2.049654E-1,1.665872E-2
1.253443E1,-2.235853E-1,3.281976E-2
1.256776E1,-2.381537E-1,4.770651E-2
1.260110E1,-2.452114E-1,5.561223E-2
1.263444E1,-2.464554E-1,5.697577E-2
1.266777E1,-2.415536E-1,5.177405E-2
1.270111E1,-2.310488E-1,4.059183E-2
1.273444E1,-2.147909E-1,2.526807E-2
1.276778E1,-1.913053E-1,7.180062E-3
1.280112E1,-1.612001E-1,-9.352961E-3
1.283445E1,-1.222602E-1,-3.122343E-2
1.286779E1,-7.969811E-2,-4.643566E-2
1.290113E1,-2.996335E-2,-5.567940E-2
1.293446E1,1.814582E-2,-5.620922E-2
1.296780E1,6.247201E-2,-4.952427E-2
1.300113E1,1.081428E-1,-3.698321E-2
1.303447E1,1.448517E-1,-2.184932E-2
1.306781E1,1.755314E-1,-3.203446E-3
1.310114E1,1.997791E-1,1.452820E-2
1.313448E1,2.175900E-1,2.913699E-2
1.316782E1,2.384281E-1,4.715165E-2
1.320115E1,2.445422E-1,5.457861E-2
1.323449E1,2.446468E-1,5.462646E-2
1.326782E1,2.387823E-1,4.798786E-2
1.330116E1,2.268680E-1,3.600798E-2
1.333450E1,2.085075E-1,2.027058E-2
1.336783E1,1.820673E-1,2.513697E-3
1.340117E1,1.478732E-1,-1.872653E-2
1.343451E1,1.115011E-1,-3.498027E-2
1.346784E1,6.784094E-2,-4.721444E-2
1.350118E1,2.129710E-2,-5.282027E-2
1.353451E1,-3.726701E-2,-5.153434E-2
1.356785E1,-7.521671E-2,-4.581858E-2
1.360119E1,-1.218865E-1,-3.110578E-2
1.363452E1,-1.590439E-1,-1.591199E-2
1.366786E1,-1.832028E-1,-9.303723E-4
1.370120E1,-2.033185E-1,1.729672E-2
1.373453E1,-2.184808E-1,3.066534E-2
1.376787E1,-2.374798E-1,4.817717E-2
1.380120E1,-2.425746E-1,5.363474E-2
1.383454E1,-2.414954E-1,5.298201E-2
1.386788E1,-2.347584E-1,4.558348E-2
1.390121E1,-2.217923E-1,3.265787E-2
1.393455E1,-2.028920E-1,1.629771E-2
1.396789E1,-1.771317E-1,-1.753907E-3
1.400122E1,-1.428690E-1,-2.068927E-2
1.403456E1,-1.059211E-1,-3.686655E-2
1.406789E1,-6.457417E-2,-4.887146E-2
1.410123E1,-1.466483E-2,-5.538439E-2
1.413457E1,3.485920E-2,-5.370061E-2
1.416790E1,7.842879E-2,-4.557270E-2
1.420124E1,1.199592E-1,-3.296203E-2
1.423458E1,1.544625E-1,-1.579931E-2
1.426791E1,1.831250E-1,1.795320E-3
1.430125E1,2.035855E-1,1.901241E-2
1.433458E1,2.204759E-1,3.064346E-2
1.436792E1,2.369571E-1,4.785206E-2
1.440126E1,2.405732E-1,5.195104E-2
1.443459E1,2.381821E-1,4.972073E-2
1.446793E1,2.295108E-1,4.101487E-2
1.450127E1,2.154559E-1,2.786052E-2
1.453460E1,1.945983E-1,1.052683E-2
1.456794E1,1.644461E-1,-8.932904E-3
1.460127E1,1.298531E-1,-2.648458E-2
1.463461E1,9.002739E-2,-4.160974E-2
1.466795E1,4.511192E-2,-5.128105E-2
1.470128E1,-3.050954E-3,-5.297411E-2
1.473462E1,-5.534037E-2,-5.055579E-2
1.476796E1,-9.666174E-2,-3.998424E-2
1.480129E1,-1.362027E-1,-2.638525E-2
1.483463E1,-1.650432E-1,-1.147713E-2
1.486796E1,-1.899588E-1,5.473333E-3
1.490130E1,-2.092223E-1,2.027693E-2
1.493464E1,-2.300403E-1,4.030414E-2
1.496797E1,-2.379258E-1,4.864911E-2
1.500131E1,-2.399968E-1,5.111138E-2
1.503464E1,-2.368313E-1,4.758286E-2
1.506798E1,-2.273818E-1,3.791995E-2
1.510132E1,-2.114021E-1,2.310546E-2
1.513465E1,-1.896139E-1,5.573889E-3
1.516799E1,-1.619646E-1,-1.304101E-2
1.520133E1,-1.259168E-1,-3.056517E-2
1.523466E1,-8.615089E-2,-4.366212E-2
1.526800E1,-4.283650E-2,-5.168052E-2
1.530133E1,1.336809E-2,-5.215521E-2
1.533467E1,5.017546E-2,-5.189139E-2
1.536801E1,9.688430E-2,-4.013951E-2
1.540134E1,1.346396E-1,-2.461180E-2
1.543468E1,1.668453E-1,-9.510425E-3
1.546802E1,1.914261E-1,8.212206E-3
1.550135E1,2.090754E-1,2.238657E-2
1.553469E1,2.305270E-1,4.116911E-2
1.556802E1,2.373050E-1,4.779592E-2
1.560136E1,2.379768E-1,4.881576E-2
1.563470E1,2.329006E-1,4.375404E-2
1.566803E1,2.216146E-1,3.280183E-2
1.570137E1,2.037619E-1,1.753855E-2
1.573471E1,1.788772E-1,-1.255290E-4
1.576804E1,1.464022E-1,-1.802612E-2
1.580138E1,1.074003E-1,-3.626876E-2
1.583471E1,6.361480E-2,-4.715930E-2
1.586805E1,2.034155E-2,-5.338115E-2
1.590139E1,-3.348486E-2,-5.198961E-2
1.593472E1,-7.341070E-2,-4.550017E-2
1.596806E1,-1.121945E-1,-3.690909E-2
1.600140E1,-1.461186E-1,-2.202061E-2
1.603473E1,-1.752944E-1,-6.047531E-3
1.606807E1,-1.964934E-1,1.042324E-2
1.610140E1,-2.127793E-1,2.356228E-2
1.613474E1,-2.322679E-1,4.244750E-2
1.616808E1,-2.370281E-1,4.757120E-2
1.620141E1,-2.362814E-1,4.696459E-2
1.623475E1,-2.297733E-1,4.041501E-2
1.626809E1,-2.175674E-1,2.858078E-2
1.630142E1,-1.984643E-1,1.263315E-2
1.633476E1,-1.726858E-1,-5.170337E-3
1.636809E1,-1.413839E-1,-2.211817E-2
1.640143E1,-1.047346E-1,-3.708136E-2
1.643477E1,-6.336835E-2,-4.923080E-2
1.646810E1,-1.035001E-2,-5.238609E-2
1.650144E1,3.648157E-2,-5.097604E-2
1.653478E1,8.072467E-2,-4.399578E-2
1.656811E1,1.164880E-1,-3.275691E-2
1.660145E1,1.504165E-1,-1.769239E-2
1.663478E1,1.779882E-1,-1.660204E-3
1.666812E1,1.985252E-1,1.424054E-2
1.670146E1,2.123462E-1,2.724807E-2
1.673479E1,2.319278E-1,4.411121E-2
1.676813E1,2.356178E-1,4.746321E-2
1.680147E1,2.334239E-1,4.503513E-2
1.683480E1,2.248054E-1,3.681084E-2
1.686814E1,2.099073E-1,2.355787E-2
1.690147E1,1.885059E-1,6.544610E-3
1.693481E1,1.601663E-1,-1.125481E-2
1.696815E1,1.247719E-1,-3.010359E-2
1.700148E1,8.424275E-2,-4.473181E-2
1.703482E1,4.141571E-2,-5.357417E-2
1.706816E1,-1.250694E-2,-5.495148E-2
1.710149E1,-4.971717E-2,-5.168769E-2
1.713483E1,-9.509497E-2,-4.163117E-2
1.716816E1,-1.332439E-1,-2.852015E-2
1.720150E1,-1.644914E-1,-9.803589E-3
1.723484E1,-1.901609E-1,5.804289E-3
1.726817E1,-2.087758E-1,1.982126E-2
1.730151E1,-2.246945E-1,3.380969E-2
1.733485E1,-2.323318E-1,4.143427E-2
1.736818E1,-2.340841E-1,4.351625E-2
1.740152E1,-2.300798E-1,3.936835E-2
1.743485E1,-2.201951E-1,2.992428E-2
1.746819E1,-2.040263E-1,1.654400E-2
1.750153E1,-1.815892E-1,2.092134E-4
1.753486E1,-1.523957E-1,-1.795789E-2
1.756820E1,-1.163901E-1,-3.329655E-2
1.760154E1,-7.825515E-2,-4.567907E-2
1.763487E1,-3.220505E-2,-5.280754E-2
1.766821E1,9.403808E-3,-5.637780E-2
1.770154E1,5.812910E-2,-5.106556E-2
1.773488E1,1.008578E-1,-3.712369E-2
1.776822E1,1.370581E-1,-2.476526E-2
1.780155E1,1.701617E-1,-2.992509E-3
1.783489E1,1.956800E-1,1.450421E-2
1.786823E1,2.147256E-1,2.968124E-2
1.790156E1,2.269243E-1,4.105393E-2
1.793490E1,2.334439E-1,4.741284E-2
1.796823E1,2.334521E-1,4.746795E-2
1.800157E1,2.269617E-1,4.123552E-2
1.803491E1,2.153517E-1,3.016542E-2
1.806824E1,1.963269E-1,1.488738E-2
1.810158E1,1.706079E-1,-3.026287E-3
1.813492E1,1.380138E-1,-2.138391E-2
1.816825E1,1.005866E-1,-3.677011E-2
1.820159E1,5.954773E-2,-4.914988E-2
1.823492E1,1.758434E-2,-5.200554E-2
1.826826E1,-3.482536E-2,-5.059114E-2
1.830160E1,-7.608151E-2,-4.454970E-2
1.833493E1,-1.161993E-1,-3.153898E-2
1.836827E1,-1.459116E-1,-1.811615E-2
1.840161E1,-1.725764E-1,-2.847673E-3
1.843494E1,-1.928550E-1,1.080486E-2
1.846828E1,-2.075046E-1,2.230826E-2
1.850161E1,-2.263556E-1,3.818888E-2
1.853495E1,-2.305092E-1,4.242677E-2
1.856829E1,-2.291537E-1,4.094831E-2
1.860162E1,-2.214612E-1,3.346483E-2
1.863496E1,-2.080186E-1,2.129940E-2
1.866830E1,-1.883953E-1,5.876400E-3
1.870163E1,-1.621877E-1,-1.144048E-2
1.873497E1,-1.310725E-1,-2.774951E-2
1.876830E1,-8.993927E-2,-4.444683E-2
1.880164E1,-4.282014E-2,-5.172747E-2
1.883498E1,1.592833E-3,-5.237003E-2
1.886831E1,4.443037E-2,-5.249853E-2
1.890165E1,8.293966E-2,-4.612706E-2
1.893499E1,1.204897E-1,-3.393208E-2
1.896832E1,1.528399E-1,-1.903103E-2
1.900166E1,1.786505E-1,-3.562349E-3
1.903499E1,1.965730E-1,1.188767E-2
1.906833E1,2.106368E-1,2.182791E-2
1.910167E1,2.183840E-1,2.953919E-2
1.913500E1,2.207756E-1,3.202596E-2
1.916834E1,2.170083E-1,2.835139E-2
1.920168E1,2.070777E-1,1.972577E-2
1.923501E1,1.912436E-1,6.238084E-3
1.926835E1,1.684493E-1,-9.710310E-3
1.930168E1,1.388025E-1,-2.572079E-2
1.933502E1,1.095296E-1,-3.331261E-2
1.936836E1,6.900042E-2,-4.794083E-2
1.940169E1,2.390359E-2,-5.245433E-2
1.943503E1,-2.241527E-2,-6.244118E-2
1.946837E1,-6.508594E-2,-4.834020E-2
1.950170E1,-1.009511E-1,-4.028655E-2
1.953504E1,-1.454167E-1,-3.188881E-2
1.956837E1,-1.753289E-1,-1.723851E-2
1.960171E1,-1.978996E-1,-1.738432E-3
1.963505E1,-2.142609E-1,1.032631E-2
1.966838E1,-2.247734E-1,1.930114E-2
1.970172E1,-2.349970E-1,2.740548E-2
1.973506E1,-2.352424E-1,2.792571E-2
1.976839E1,-2.298448E-1,2.289024E-2
1.980173E1,-2.179675E-1,1.291167E-2
1.983506E1,-2.009634E-1,5.034655E-5
1.986840E1,-1.766274E-1,-1.504651E-2
1.990174E1,-1.470229E-1,-3.117508E-2
1.993507E1,-1.024643E-1,-3.740064E-2
1.996841E1,-6.217193E-2,-4.828401E-2
2.000174E1,-2.276748E-2,-6.259876E-2
2.003508E1,2.973160E-2,-5.234194E-2
2.006842E1,5.939883E-2,-5.671083E-2
2.010175E1,1.008865E-1,-4.201197E-2
2.013509E1,1.358665E-1,-2.829130E-2
2.016843E1,1.646605E-1,-1.332665E-2
2.020176E1,1.840472E-1,9.470524E-4
2.023510E1,1.983947E-1,1.300706E-2
2.026843E1,2.143074E-1,2.458771E-2
2.030177E1,2.183270E-1,2.802676E-2
2.033511E1,2.167483E-1,2.663558E-2
2.036844E1,2.088900E-1,1.976718E-2
2.040178E1,1.944455E-1,8.145884E-3
2.043512E1,1.739523E-1,-6.683090E-3
2.046845E1,1.465320E-1,-2.284703E-2
2.050179E1,1.204149E-1,-3.091638E-2
2.053512E1,7.695774E-2,-4.487230E-2
2.056846E1,3.628811E-2,-5.221551E-2
2.060180E1,-1.852330E-2,-6.260568E-2
2.063513E1,-4.607467E-2,-5.161745E-2
2.066847E1,-9.216692E-2,-4.230348E-2
2.070181E1,-1.295312E-1,-3.209242E-2
2.073514E1,-1.647184E-1,-2.236459E-2
2.076848E1,-1.898436E-1,-8.300071E-3
2.080181E1,-2.072067E-1,5.301475E-3
2.083515E1,-2.200714E-1,1.481180E-2
2.086849E1,-2.311992E-1,2.383538E-2
2.090182E1,-2.330945E-1,2.573610E-2
2.093516E1,-2.291251E-1,2.217411E-2
2.096850E1,-2.189550E-1,1.389943E-2
2.100183E1,-2.042464E-1,2.283801E-3
2.103517E1,-1.820872E-1,-1.192297E-2
2.106850E1,-1.539806E-1,-2.801340E-2
2.110184E1,-1.148909E-1,-3.545396E-2
2.113518E1,-7.605560E-2,-4.636542E-2
2.116851E1,-2.316119E-2,-6.218141E-2
2.120185E1,1.010421E-2,-5.490675E-2
2.123519E1,5.591550E-2,-4.965070E-2
2.126852E1,9.580043E-2,-3.940753E-2
2.130186E1,1.245431E-1,-3.368308E-2
2.133519E1,1.547851E-1,-1.866651E-2
2.136853E1,1.786072E-1,-4.535528E-3
2.140187E1,1.985291E-1,1.019744E-2
2.143520E1,2.103376E-1,2.064867E-2
2.146854E1,2.158457E-1,2.560320E-2
2.150188E1,2.156263E-1,2.569127E-2
2.153521E1,2.097872E-1,2.042607E-2
2.156855E1,1.974191E-1,9.859116E-3
2.160188E1,1.780317E-1,-3.993991E-3
2.163522E1,1.521380E-1,-1.917538E-2
2.166856E1,1.204726E-1,-3.484367E-2
2.170189E1,9.294262E-2,-4.237773E-2
2.173523E1,4.940113E-2,-5.196264E-2
2.176857E1,2.791104E-3,-5.359023E-2
2.180190E1,-3.801901E-2,-5.364843E-2
2.183524E1,-7.675601E-2,-4.783647E-2
2.186857E1,-1.163901E-1,-3.329655E-2
2.190191E1,-1.551772E-1,-2.819184E-2
2.193525E1,-1.810414E-1,-1.377608E-2
2.196858E1,-2.006307E-1,-4.332391E-4
2.200192E1,-2.142481E-1,1.010144E-2
2.203526E1,-2.271660E-1,2.033837E-2
2.206859E1,-2.309762E-1,2.360789E-2
2.210193E1,-2.284980E-1,2.153122E-2
2.213526E1,-2.201981E-1,1.442993E-2
2.216860E1,-2.060712E-1,3.325232E-3
2.220194E1,-1.862920E-1,-1.047882E-2
2.223527E1,-1.595738E-1,-2.504499E-2
2.226861E1,-1.207611E-1,-3.338084E-2
2.230195E1,-8.166336E-2,-4.512665E-2
2.233528E1,-4.288071E-2,-5.144758E-2
2.236862E1,4.062693E-3,-5.201864E-2
2.240195E1,4.534214E-2,-5.192267E-2
2.243529E1,8.498976E-2,-4.269032E-2
2.246863E1,1.211055E-1,-3.244935E-2
2.250196E1,1.501794E-1,-1.822991E-2
2.253530E1,1.733785E-1,-3.666900E-3
2.256864E1,1.912207E-1,8.403926E-3
2.260197E1,2.119231E-1,2.331983E-2
2.263531E1,2.189747E-1,2.996863E-2
2.266864E1,2.199816E-1,3.109615E-2
2.270198E1,2.151333E-1,2.714158E-2
2.273532E1,2.045595E-1,1.788485E-2
2.276865E1,1.876541E-1,5.419452E-3
2.280199E1,1.642755E-1,-9.688819E-3
2.283533E1,1.312301E-1,-2.487765E-2
2.286866E1,9.662662E-2,-3.855914E-2
2.290200E1,6.179042E-2,-4.775327E-2
2.293533E1,2.019758E-2,-5.330843E-2
2.296867E1,-2.789785E-2,-5.222173E-2
2.300201E1,-6.812656E-2,-4.612647E-2
2.303534E1,-1.052235E-1,-3.593962E-2
2.306868E1,-1.387004E-1,-2.207010E-2
2.310202E1,-1.694160E-1,-6.165222E-3
2.313535E1,-1.918321E-1,9.133634E-3
2.316869E1,-2.077475E-1,2.198403E-2
2.320202E1,-2.166603E-1,2.671549E-2
2.323536E1,-2.209947E-1,3.074824E-2
2.326870E1,-2.201586E-1,2.981066E-2
2.330203E1,-2.132181E-1,2.415514E-2
2.333537E1,-2.000692E-1,1.354207E-2
2.336871E1,-1.811317E-1,9.537071E-5
2.340204E1,-1.559924E-1,-1.489497E-2
2.343538E1,-1.258606E-1,-3.347918E-2
2.346871E1,-8.914756E-2,-4.564023E-2
2.350205E1,-5.151081E-2,-5.239609E-2
2.353539E1,-1.094905E-3,-5.270840E-2
2.356872E1,3.900180E-2,-5.305157E-2
2.360206E1,7.864915E-2,-4.631112E-2
2.363540E1,1.124393E-1,-3.667408E-2
2.366873E1,1.435445E-1,-2.396930E-2
2.370207E1,1.674596E-1,-9.706257E-3
2.373540E1,1.854117E-1,4.137157E-3
2.376874E1,1.985040E-1,1.451873E-2
2.380208E1,2.161817E-1,2.923213E-2
2.383541E1,2.186864E-1,3.085995E-2
2.386875E1,2.149943E-1,2.794841E-2
2.390209E1,2.056781E-1,1.965206E-2
2.393542E1,1.895272E-1,7.325888E-3
2.396876E1,1.674397E-1,-7.420034E-3
2.400209E1,1.387545E-1,-2.321986E-2
2.403543E1,1.074565E-1,-3.918276E-2
2.406877E1,6.886669E-2,-5.032901E-2
2.410210E1,2.343308E-2,-5.255064E-2
2.413544E1,-2.371634E-2,-5.212544E-2
2.416878E1,-5.585789E-2,-5.145657E-2
2.420211E1,-9.633616E-2,-4.289317E-2
2.423545E1,-1.295964E-1,-3.070068E-2
2.426878E1,-1.562439E-1,-1.790964E-2
2.430212E1,-1.760871E-1,-3.256132E-3
2.433546E1,-1.924807E-1,7.504081E-3
2.436879E1,-2.122612E-1,2.534278E-2
2.440213E1,-2.175277E-1,2.999410E-2
2.443547E1,-2.172935E-1,2.960098E-2
2.446880E1,-2.119429E-1,2.450141E-2
2.450214E1,-2.003099E-1,1.495805E-2
2.453547E1,-1.823638E-1,1.669145E-3
2.456881E1,-1.589287E-1,-1.315722E-2
2.460215E1,-1.288011E-1,-2.785138E-2
2.463548E1,-9.436647E-2,-4.161712E-2
2.466882E1,-5.199516E-2,-5.102318E-2
2.470216E1,-1.250742E-2,-5.388524E-2
2.473549E1,3.184833E-2,-5.211799E-2
2.476883E1,7.174130E-2,-4.615841E-2
2.480216E1,1.085232E-1,-3.614022E-2
2.483550E1,1.432800E-1,-2.314329E-2
2.486884E1,1.715695E-1,-5.646856E-3
2.490217E1,1.927052E-1,9.411269E-3
2.493551E1,2.073315E-1,2.168355E-2
2.496884E1,2.160405E-1,2.993312E-2
2.500218E1,2.191067E-1,3.294161E-2
2.503552E1,2.162876E-1,3.046105E-2
2.506885E1,2.076931E-1,2.262508E-2
2.510219E1,1.927278E-1,1.069699E-2
2.513553E1,1.718031E-1,-3.854358E-3
2.516886E1,1.447182E-1,-1.988735E-2
2.520220E1,1.121548E-1,-3.431019E-2
2.523553E1,7.369461E-2,-4.552380E-2
2.526887E1,3.441192E-2,-5.132613E-2
2.530221E1,-1.105042E-2,-5.385714E-2
2.533554E1,-4.783524E-2,-5.054009E-2
2.536888E1,-8.798584E-2,-4.225550E-2
2.540222E1,-1.213804E-1,-3.003728E-2
2.543555E1,-1.492055E-1,-1.920278E-2
2.546889E1,-1.715826E-1,-6.655545E-3
2.550222E1,-1.878133E-1,4.293702E-3
2.553556E1,-2.077778E-1,1.959906E-2
2.556890E1,-2.142172E-1,2.486834E-2
2.560223E1,-2.145120E-1,2.573033E-2
2.563557E1,-2.096051E-1,2.110652E-2
2.566891E1,-1.985658E-1,1.226636E-2
2.570224E1,-1.817071E-1,5.353340E-4
2.573558E1,-1.592397E-1,-1.318087E-2
2.576891E1,-1.305741E-1,-2.748181E-2
2.580225E1,-9.946598E-2,-4.171546E-2
2.583559E1,-6.153027E-2,-4.874371E-2
2.586892E1,-2.394908E-2,-5.157724E-2
2.590226E1,2.079233E-2,-5.246212E-2
2.593560E1,6.107446E-2,-4.663668E-2
2.596893E1,9.700259E-2,-3.710433E-2
2.600227E1,1.285666E-1,-2.539847E-2
2.603560E1,1.543339E-1,-1.290045E-2
2.606894E1,1.747441E-1,-1.494318E-3
2.610228E1,1.888791E-1,9.109000E-3
2.613561E1,2.090513E-1,2.107813E-2
2.616895E1,2.127605E-1,2.448972E-2
2.620229E1,2.109263E-1,2.265482E-2
2.623562E1,2.026315E-1,1.637939E-2
2.626896E1,1.884806E-1,5.559486E-3
2.630229E1,1.687596E-1,-7.282386E-3
2.633563E1,1.425421E-1,-2.099951E-2
2.636897E1,1.088292E-1,-3.478366E-2
2.640230E1,7.397601E-2,-4.537929E-2
2.643564E1,3.501394E-2,-5.187087E-2
2.646898E1,-2.370257E-3,-5.222182E-2
2.650231E1,-4.474447E-2,-5.141866E-2
2.653565E1,-8.593221E-2,-4.282668E-2
2.656898E1,-1.183351E-1,-3.119817E-2
2.660232E1,-1.452848E-1,-2.132713E-2
2.663566E1,-1.681573E-1,-9.317236E-3
2.666899E1,-1.846976E-1,1.923062E-3
2.670233E1,-2.048357E-1,1.819825E-2
2.673567E1,-2.112755E-1,2.362881E-2
2.676900E1,-2.124888E-1,2.452119E-2
2.680234E1,-2.082736E-1,2.092928E-2
2.683567E1,-1.979542E-1,1.234826E-2
2.686901E1,-1.817649E-1,5.190295E-4
2.690235E1,-1.599576E-1,-1.326411E-2
2.693568E1,-1.324797E-1,-2.690607E-2
2.696902E1,-9.969608E-2,-3.905891E-2
2.700236E1,-6.250765E-2,-4.951230E-2
2.703569E1,-1.769019E-2,-5.287166E-2
2.706903E1,2.163505E-2,-5.294448E-2
2.710236E1,6.083983E-2,-4.952293E-2
2.713570E1,9.640144E-2,-3.933591E-2
2.716904E1,1.292893E-1,-2.812654E-2
2.720237E1,1.538583E-1,-1.558163E-2
2.723571E1,1.745922E-1,-3.401628E-3
2.726905E1,1.886852E-1,6.923070E-3
2.730238E1,1.976358E-1,1.425398E-2
2.733572E1,2.076083E-1,2.032154E-2
2.736905E1,2.060102E-1,1.902740E-2
2.740239E1,1.984245E-1,1.336543E-2
2.743573E1,1.860720E-1,4.427757E-3
2.746906E1,1.675215E-1,-7.593664E-3
2.750240E1,1.423212E-1,-2.110213E-2
2.753574E1,1.102721E-1,-3.402706E-2
2.756907E1,7.543928E-2,-4.462293E-2
2.760241E1,3.715205E-2,-5.140689E-2
2.763574E1,-1.668995E-3,-5.226040E-2
2.766908E1,-4.241556E-2,-5.155936E-2
2.770242E1,-8.259955E-2,-4.311042E-2
2.773575E1,-1.168269E-1,-3.184961E-2
2.776909E1,-1.488429E-1,-1.826768E-2
2.780243E1,-1.729993E-1,-4.016285E-3
2.783576E1,-1.913746E-1,8.813817E-3
2.786910E1,-2.039022E-1,1.880188E-2
2.790243E1,-2.110371E-1,2.474797E-2
2.793577E1,-2.123421E-1,2.599660E-2
2.796911E1,-2.079093E-1,2.226407E-2
2.800244E1,-1.980537E-1,1.386332E-2
2.803578E1,-1.825174E-1,2.289125E-3
2.806912E1,-1.609362E-1,-1.139483E-2
2.810245E1,-1.333516E-1,-2.532523E-2
2.813579E1,-1.014944E-1,-3.766604E-2
2.816912E1,-6.530486E-2,-4.828896E-2
2.820246E1,-2.617168E-2,-5.152978E-2
2.823580E1,2.089136E-2,-5.245857E-2
2.826913E1,5.838450E-2,-4.762385E-2
2.830247E1,9.170896E-2,-3.911257E-2
2.833581E1,1.223018E-1,-2.775248E-2
2.836914E1,1.477299E-1,-1.599115E-2
2.840248E1,1.679447E-1,-3.898349E-3
2.843581E1,1.831383E-1,5.981400E-3
2.846915E1,2.033356E-1,1.513774E-2
2.850249E1,2.076700E-1,1.897973E-2
2.853582E1,2.062362E-1,1.792699E-2
2.856916E1,1.990274E-1,1.180592E-2
2.860250E1,1.856480E-1,2.650952E-3
2.863583E1,1.669031E-1,-9.282444E-3
2.866917E1,1.420439E-1,-2.206325E-2
2.870250E1,1.112006E-1,-3.474964E-2
2.873584E1,7.642772E-2,-4.456979E-2
2.876918E1,3.875428E-2,-5.154125E-2
2.880251E1,-8.681002E-3,-5.401003E-2
2.883585E1,-4.137035E-2,-5.096903E-2
2.886919E1,-7.947184E-2,-4.571019E-2
2.890252E1,-1.135767E-1,-3.488988E-2
2.893586E1,-1.432496E-1,-2.336566E-2
2.896919E1,-1.664402E-1,-1.129452E-2
2.900253E1,-1.825070E-1,1.174919E-4
2.903587E1,-1.938759E-1,8.245648E-3
2.906920E1,-1.996209E-1,1.326219E-2
2.910254E1,-2.008486E-1,1.436258E-2
2.913588E1,-1.976577E-1,1.194112E-2
2.916921E1,-1.897298E-1,5.579985E-3
2.920255E1,-1.762730E-1,-4.609624E-3
2.923588E1,-1.560333E-1,-1.605771E-2
2.926922E1,-1.293942E-1,-2.774230E-2
2.930256E1,-9.875152E-2,-4.097291E-2
2.933589E1,-6.241013E-2,-4.844692E-2
2.936923E1,-2.474552E-2,-5.225702E-2
2.940257E1,2.003114E-2,-5.314660E-2
2.943590E1,5.727942E-2,-4.796963E-2
2.946924E1,9.432338E-2,-4.104148E-2
2.950257E1,1.289526E-1,-2.877756E-2
2.953591E1,1.564274E-1,-1.359171E-2
2.956925E1,1.782879E-1,7.322165E-5
2.960258E1,1.939896E-1,1.184262E-2
2.963592E1,2.043332E-1,1.995357E-2
2.966925E1,2.084945E-1,2.372807E-2
2.970259E1,2.069641E-1,2.265733E-2
2.973593E1,1.994943E-1,1.660476E-2
2.976926E1,1.863507E-1,6.650116E-3
2.980260E1,1.674284E-1,-5.946043E-3
2.983594E1,1.423483E-1,-1.967140E-2
2.986927E1,1.124462E-1,-3.366848E-2
2.990261E1,7.758961E-2,-4.393019E-2
2.993594E1,4.016756E-2,-5.077713E-2
2.996928E1,7.467175E-4,-5.144095E-2
3.000262E1,-3.785787E-2,-5.049389E-2
3.003595E1,-7.590173E-2,-4.409644E-2
3.006929E1,-1.091835E-1,-3.323593E-2
3.010263E1,-1.357593E-1,-2.250345E-2
3.013596E1,-1.577355E-1,-1.066133E-2
3.016930E1,-1.745711E-1,-6.179089E-4
3.020263E1,-1.860768E-1,7.914276E-3
3.023597E1,-2.018655E-1,1.534043E-2
3.026931E1,-2.032405E-1,1.659927E-2
3.030264E1,-1.990515E-1,1.357135E-2
3.033598E1,-1.894105E-1,6.417139E-3
3.036932E1,-1.743801E-1,-3.729486E-3
3.040265E1,-1.537858E-1,-1.576755E-2
3.043599E1,-1.274693E-1,-2.824696E-2
3.046932E1,-9.366606E-2,-4.014607E-2
3.050266E1,-5.831464E-2,-4.829804E-2
3.053600E1,-2.366775E-2,-5.183253E-2
3.056933E1,1.811220E-2,-5.245838E-2
3.060267E1,5.793755E-2,-4.750437E-2
3.063601E1,9.421171E-2,-3.935591E-2
3.066934E1,1.273480E-1,-2.699185E-2
3.070268E1,1.551632E-1,-1.353815E-2
3.073601E1,1.766048E-1,-7.689698E-4
3.076935E1,1.922419E-1,1.073341E-2
3.080269E1,2.022437E-1,1.858434E-2
3.083602E1,2.063394E-1,2.196175E-2
3.086936E1,2.048936E-1,2.079016E-2
3.090270E1,1.971660E-1,1.491421E-2
3.093603E1,1.839510E-1,5.018688E-3
3.096937E1,1.646291E-1,-7.498685E-3
3.100270E1,1.396645E-1,-2.100892E-2
3.103604E1,1.099774E-1,-3.413449E-2
3.106938E1,7.519852E-2,-4.419334E-2
3.110271E1,3.808534E-2,-5.092140E-2
3.113605E1,-7.808158E-4,-5.183706E-2
3.116939E1,-3.862577E-2,-5.079684E-2
3.120272E1,-7.565690E-2,-4.450078E-2
3.123606E1,-1.080772E-1,-3.441372E-2
3.126939E1,-1.349771E-1,-2.353665E-2
3.130273E1,-1.580253E-1,-1.448699E-2
3.133607E1,-1.736774E-1,-3.183183E-3
3.136940E1,-1.857891E-1,3.245172E-3
3.140274E1,-1.981668E-1,1.249667E-2
3.143608E1,-1.995054E-1,1.354566E-2
3.146941E1,-1.953842E-1,9.963693E-3
3.150275E1,-1.858232E-1,3.254134E-3
3.153608E1,-1.709785E-1,-6.119013E-3
3.156942E1,-1.506692E-1,-1.737736E-2
3.160276E1,-1.246659E-1,-2.962520E-2
3.163609E1,-9.380569E-2,-4.159534E-2
3.166943E1,-5.862093E-2,-5.012972E-2
3.170277E1,-1.591593E-2,-5.425768E-2
3.173610E1,1.957962E-2,-5.327581E-2
3.176944E1,5.723675E-2,-5.065224E-2
3.180277E1,9.210194E-2,-4.176343E-2
3.183611E1,1.237764E-1,-3.110824E-2
3.186945E1,1.506953E-1,-1.906686E-2
3.190278E1,1.729938E-1,-6.492478E-3
3.193612E1,1.885620E-1,4.322886E-3
3.196946E1,1.977133E-1,1.086962E-2
3.200279E1,2.012458E-1,1.390102E-2
3.203613E1,1.993776E-1,1.242533E-2
3.206946E1,1.918892E-1,6.824108E-3
3.210280E1,1.778780E-1,-2.674687E-3
3.213614E1,1.583929E-1,-1.423233E-2
3.216947E1,1.338490E-1,-2.639176E-2
3.220281E1,1.037587E-1,-3.736553E-2
3.223615E1,6.946331E-2,-4.799953E-2
3.226948E1,3.282051E-2,-5.189866E-2
3.230282E1,-8.775495E-3,-5.478842E-2
3.233615E1,-4.367931E-2,-5.100473E-2
3.236949E1,-8.015188E-2,-4.487861E-2
3.240283E1,-1.122974E-1,-3.411901E-2
3.243616E1,-1.399953E-1,-2.253782E-2
3.246950E1,-1.617407E-1,-1.229201E-2
3.250284E1,-1.777390E-1,-2.394852E-3
3.253617E1,-1.917336E-1,7.297405E-3
3.256951E1,-1.975182E-1,1.235623E-2
3.260284E1,-1.984868E-1,1.274330E-2
3.263618E1,-1.935723E-1,8.766615E-3
3.266952E1,-1.832842E-1,1.382096E-3
3.270285E1,-1.674356E-1,-7.810894E-3
3.273619E1,-1.467716E-1,-1.926636E-2
3.276953E1,-1.207226E-1,-3.135530E-2
3.280286E1,-8.966362E-2,-4.178180E-2
3.283620E1,-5.464596E-2,-5.050065E-2
3.286953E1,-1.529001E-2,-5.468148E-2
3.290287E1,2.153392E-2,-5.282048E-2
3.293621E1,5.880105E-2,-5.040709E-2
3.296954E1,9.329858E-2,-4.104646E-2
3.300288E1,1.243303E-1,-3.104282E-2
3.303622E1,1.503516E-1,-1.933067E-2
3.306955E1,1.719900E-1,-6.730523E-3
3.310289E1,1.862894E-1,2.551354E-3
3.313622E1,1.951824E-1,8.858167E-3
3.316956E1,1.980623E-1,1.129882E-2
3.320290E1,1.955514E-1,9.305682E-3
3.323623E1,1.877249E-1,3.670630E-3
3.326957E1,1.735637E-1,-5.501858E-3
3.330291E1,1.537931E-1,-1.669808E-2
3.333624E1,1.292336E-1,-2.831880E-2
3.336958E1,9.890701E-2,-3.868043E-2
3.340291E1,6.533371E-2,-4.902766E-2
3.343625E1,2.784271E-2,-5.197409E-2
3.346959E1,-1.324959E-2,-5.493132E-2
3.350292E1,-4.774183E-2,-5.099680E-2
3.353626E1,-8.256568E-2,-4.398585E-2
3.356960E1,-1.144396E-1,-3.376322E-2
3.360293E1,-1.419011E-1,-2.376080E-2
3.363627E1,-1.625699E-1,-1.330405E-2
3.366960E1,-1.814233E-1,-1.320330E-3
3.370294E1,-1.922454E-1,6.058266E-3
3.373628E1,-1.974309E-1,1.015384E-2
3.376961E1,-1.973946E-1,1.010217E-2
3.380295E1,-1.920776E-1,6.049506E-3
3.383629E1,-1.814241E-1,-1.383905E-3
3.386962E1,-1.649146E-1,-1.161949E-2
3.390296E1,-1.434262E-1,-2.276281E-2
3.393629E1,-1.164780E-1,-3.369059E-2
3.396963E1,-8.503842E-2,-4.359054E-2
3.400297E1,-4.990317E-2,-5.079740E-2
3.403630E1,-1.250674E-2,-5.464976E-2
3.406964E1,2.475576E-2,-5.231102E-2
3.410298E1,6.197365E-2,-4.970513E-2
3.413631E1,9.571561E-2,-4.020651E-2
3.416965E1,1.255980E-1,-3.044340E-2
3.420298E1,1.499833E-1,-1.924564E-2
3.423632E1,1.676454E-1,-9.120009E-3
3.426966E1,1.849000E-1,1.722028E-3
3.430299E1,1.925846E-1,7.142569E-3
3.433633E1,1.949835E-1,9.086943E-3
3.436967E1,1.916894E-1,6.686262E-3
3.440300E1,1.834108E-1,9.161314E-4
3.443634E1,1.685502E-1,-8.168252E-3
3.446967E1,1.490506E-1,-1.896535E-2
3.450301E1,1.237767E-1,-3.055902E-2
3.453635E1,9.352485E-2,-4.099499E-2
3.456968E1,5.964314E-2,-4.993559E-2
3.460302E1,2.280555E-2,-5.273527E-2
3.463635E1,-1.508044E-2,-5.467255E-2
3.466969E1,-5.168282E-2,-5.070718E-2
3.470303E1,-8.603924E-2,-4.274706E-2
3.473636E1,-1.167982E-1,-3.310834E-2
3.476970E1,-1.430311E-1,-2.283617E-2
3.480304E1,-1.652961E-1,-1.091390E-2
3.483637E1,-1.810110E-1,-1.271844E-3
3.486971E1,-1.909053E-1,5.428706E-3
3.490304E1,-1.953591E-1,9.327534E-3
3.493638E1,-1.945806E-1,8.916182E-3
3.496972E1,-1.885630E-1,4.371193E-3
3.500305E1,-1.769593E-1,-3.636409E-3
3.503639E1,-1.601194E-1,-1.379809E-2
3.506973E1,-1.382758E-1,-2.511584E-2
3.510306E1,-1.110031E-1,-3.614964E-2
3.513640E1,-7.906808E-2,-4.507075E-2
3.516973E1,-4.413632E-2,-5.126766E-2
3.520307E1,-1.230331E-2,-5.485214E-2
3.523641E1,2.995890E-2,-5.198117E-2
3.526974E1,6.616727E-2,-4.722065E-2
3.530308E1,9.875367E-2,-3.938955E-2
3.533642E1,1.277141E-1,-2.961260E-2
3.536975E1,1.502857E-1,-1.881138E-2
3.540309E1,1.674913E-1,-9.437665E-3
3.543642E1,1.786531E-1,-1.502293E-3
3.546976E1,1.848419E-1,2.841830E-3
3.550310E1,1.861849E-1,4.331120E-3
3.553643E1,1.833863E-1,1.476474E-3
3.556977E1,1.756879E-1,-3.919658E-3
3.560311E1,1.617801E-1,-1.189107E-2
3.563644E1,1.425103E-1,-2.213228E-2
3.566978E1,1.172633E-1,-3.321372E-2
3.570311E1,8.666975E-2,-4.214961E-2
3.573645E1,5.295260E-2,-5.122276E-2
3.576979E1,1.639252E-2,-5.308443E-2
3.580312E1,-1.741781E-2,-5.415073E-2
3.583646E1,-5.685840E-2,-5.068795E-2
3.586980E1,-9.043209E-2,-4.269271E-2
3.590313E1,-1.200966E-1,-3.291267E-2
3.593647E1,-1.452464E-1,-2.250605E-2
3.596980E1,-1.640558E-1,-1.279173E-2
3.600314E1,-1.802256E-1,-2.452774E-3
3.603648E1,-1.894934E-1,3.698071E-3
3.606981E1,-1.933674E-1,6.365092E-3
3.610315E1,-1.919807E-1,5.665451E-3
3.613649E1,-1.848306E-1,6.233377E-4
3.616982E1,-1.722664E-1,-7.534476E-3
3.620316E1,-1.552520E-1,-1.745103E-2
3.623649E1,-1.324996E-1,-2.817741E-2
3.626983E1,-1.048681E-1,-3.868179E-2
3.630317E1,-7.281177E-2,-4.796280E-2
3.633650E1,-3.774006E-2,-5.170026E-2
3.636984E1,-1.019218E-2,-5.488666E-2
3.640318E1,3.552361E-2,-5.181853E-2
3.643651E1,7.008231E-2,-4.762335E-2
3.646985E1,1.025565E-1,-3.827811E-2
3.650318E1,1.295232E-1,-2.746353E-2
3.653652E1,1.508087E-1,-1.703161E-2
3.656986E1,1.668629E-1,-8.183546E-3
3.660319E1,1.772002E-1,-1.144416E-3
3.663653E1,1.875562E-1,4.506410E-3
3.666987E1,1.879713E-1,4.997010E-3
3.670320E1,1.831333E-1,1.632445E-3
3.673654E1,1.721356E-1,-4.949924E-3
3.676987E1,1.578800E-1,-1.416432E-2
3.680321E1,1.372814E-1,-2.453515E-2
3.683655E1,1.109837E-1,-3.517559E-2
3.686988E1,8.002318E-2,-4.408543E-2
3.690322E1,4.561221E-2,-5.146036E-2
3.693656E1,9.602562E-3,-5.270221E-2
3.696989E1,-2.686193E-2,-5.240717E-2
3.700323E1,-6.230438E-2,-5.037957E-2
3.703656E1,-9.471313E-2,-4.174306E-2
3.706990E1,-1.233810E-1,-3.231729E-2
3.710324E1,-1.466244E-1,-2.198610E-2
3.713657E1,-1.645914E-1,-1.249973E-2
3.716991E1,-1.802621E-1,-2.692510E-3
3.720325E1,-1.881775E-1,2.584003E-3
3.723658E1,-1.912718E-1,4.857117E-3
3.726992E1,-1.887909E-1,3.271648E-3
3.730325E1,-1.808354E-1,-2.107672E-3
3.733659E1,-1.676022E-1,-1.026503E-2
3.736993E1,-1.495402E-1,-2.022898E-2
3.740326E1,-1.260609E-1,-3.068783E-2
3.743660E1,-9.734505E-2,-4.020022E-2
3.746994E1,-6.536955E-2,-4.944189E-2
3.750327E1,-3.020614E-2,-5.198451E-2
3.753661E1,6.065546E-3,-5.262029E-2
3.756994E1,4.199416E-2,-5.170398E-2
3.760328E1,7.590362E-2,-4.470428E-2
3.763662E1,1.066411E-1,-3.628343E-2
3.766995E1,1.323626E-1,-2.618148E-2
3.770329E1,1.518969E-1,-1.607294E-2
3.773663E1,1.669125E-1,-7.760313E-3
3.776996E1,1.763701E-1,-1.929641E-3
3.780330E1,1.808526E-1,1.432080E-3
3.783663E1,1.810924E-1,1.135449E-3
3.786997E1,1.759874E-1,-1.594150E-3
3.790331E1,1.663537E-1,-8.235803E-3
3.793664E1,1.513108E-1,-1.757205E-2
3.796998E1,1.298012E-1,-2.712664E-2
3.800332E1,1.027763E-1,-3.675271E-2
3.803665E1,7.114731E-2,-4.627940E-2
3.806999E1,3.757087E-2,-5.197113E-2
3.810332E1,-1.023378E-2,-5.435665E-2
3.813666E1,-3.406057E-2,-5.166818E-2
3.817000E1,-6.867038E-2,-4.914560E-2
3.820333E1,-1.001710E-1,-4.060228E-2
3.823667E1,-1.276592E-1,-3.079887E-2
3.827001E1,-1.498939E-1,-2.065060E-2
3.830334E1,-1.690715E-1,-9.721085E-3
3.833668E1,-1.811533E-1,-2.149302E-3
3.837001E1,-1.881569E-1,2.810910E-3
3.840335E1,-1.899631E-1,4.144452E-3
3.843669E1,-1.863274E-1,1.612314E-3
3.847002E1,-1.770468E-1,-4.485903E-3
3.850336E1,-1.625497E-1,-1.318828E-2
3.853670E1,-1.433043E-1,-2.330559E-2
3.857003E1,-1.189050E-1,-3.336604E-2
3.860337E1,-9.006593E-2,-4.296706E-2
3.863670E1,-5.735790E-2,-5.035382E-2
3.867004E1,-1.675278E-2,-5.478688E-2
3.870338E1,1.333921E-2,-5.252038E-2
3.873671E1,4.849738E-2,-5.159303E-2
3.877005E1,8.174504E-2,-4.450844E-2
3.880339E1,1.111497E-1,-3.483443E-2
3.883672E1,1.354577E-1,-2.533322E-2
3.887006E1,1.538665E-1,-1.558381E-2
3.890339E1,1.668962E-1,-7.244162E-3
3.893673E1,1.759187E-1,-2.791931E-3
3.897007E1,1.792230E-1,-1.483300E-4
3.900340E1,1.783552E-1,-1.705517E-3
3.903674E1,1.728169E-1,-5.386799E-3
3.907008E1,1.615140E-1,-1.234841E-2
3.910341E1,1.450456E-1,-2.127229E-2
3.913675E1,1.227099E-1,-3.113946E-2
3.917008E1,9.498255E-2,-4.050103E-2
3.920342E1,6.388565E-2,-4.907118E-2
3.923676E1,2.905384E-2,-5.238024E-2
3.927009E1,-1.229238E-2,-5.473272E-2
3.930343E1,-4.156702E-2,-5.155743E-2
3.933677E1,-7.545163E-2,-4.782532E-2
3.937010E1,-1.056996E-1,-3.867485E-2
3.940344E1,-1.316685E-1,-2.895628E-2
3.943677E1,-1.540748E-1,-1.805395E-2
3.947011E1,-1.701222E-1,-8.924428E-3
3.950345E1,-1.814158E-1,-1.453027E-3
3.953678E1,-1.870414E-1,2.222390E-3
3.957012E1,-1.872778E-1,2.496744E-3
3.960345E1,-1.827153E-1,-5.140102E-4
3.963679E1,-1.721848E-1,-7.466476E-3
3.967013E1,-1.568561E-1,-1.649069E-2
3.970346E1,-1.364339E-1,-2.653207E-2
3.973680E1,-1.110033E-1,-3.644829E-2
3.977014E1,-8.128348E-2,-4.517407E-2
3.980347E1,-4.842868E-2,-5.096553E-2
3.983681E1,-1.512081E-2,-5.437336E-2
3.987014E1,2.207290E-2,-5.325267E-2
3.990348E1,5.633643E-2,-5.055423E-2
3.993682E1,8.811923E-2,-4.286137E-2
3.997015E1,1.160171E-1,-3.366752E-2
4.000349E1,1.388968E-1,-2.370873E-2
4.003683E1,1.560759E-1,-1.493029E-2
4.007016E1,1.675871E-1,-7.143695E-3
4.010350E1,1.747905E-1,-2.735751E-3
4.013683E1,1.772189E-1,-1.608077E-3
4.017017E1,1.747920E-1,-2.756480E-3
4.020351E1,1.682812E-1,-8.046808E-3
4.023684E1,1.558856E-1,-1.508008E-2
4.027018E1,1.383414E-1,-2.434838E-2
4.030352E1,1.147613E-1,-3.414491E-2
4.033685E1,8.653648E-2,-4.338340E-2
4.037019E1,5.476334E-2,-5.093987E-2
4.040352E1,2.007908E-2,-5.323708E-2
4.043686E1,-1.571948E-2,-5.425954E-2
4.047020E1,-4.946847E-2,-5.112043E-2
4.050353E1,-8.202541E-2,-4.535545E-2
4.053687E1,-1.110651E-1,-3.678142E-2
4.057021E1,-1.355473E-1,-2.705022E-2
4.060354E1,-1.567024E-1,-1.636747E-2
4.063688E1,-1.711848E-1,-8.256941E-3
4.067021E1,-1.808279E-1,-2.047580E-3
4.070355E1,-1.849818E-1,6.994712E-4
4.073689E1,-1.845213E-1,3.819217E-4
4.077022E1,-1.781042E-1,-3.581144E-3
4.080356E1,-1.666076E-1,-1.071528E-2
4.083690E1,-1.501383E-1,-1.959695E-2
4.087023E1,-1.285553E-1,-2.956968E-2
4.090357E1,-1.023317E-1,-3.906536E-2
4.093690E1,-7.219225E-2,-4.809351E-2
4.097024E1,-3.885970E-2,-5.173552E-2
4.100358E1,-9.774252E-3,-5.487678E-2
4.103691E1,3.058526E-2,-5.212616E-2
4.107025E1,6.455061E-2,-4.761308E-2
4.110359E1,9.496117E-2,-4.060259E-2
4.113692E1,1.210735E-1,-3.149042E-2
4.117026E1,1.421140E-1,-2.162324E-2
4.120359E1,1.579582E-1,-1.355763E-2
4.123693E1,1.681989E-1,-7.122048E-3
4.127027E1,1.734540E-1,-2.995623E-3
4.130360E1,1.747808E-1,-2.759904E-3
4.133694E1,1.713702E-1,-5.107315E-3
4.137028E1,1.637375E-1,-1.082111E-2
4.140361E1,1.500499E-1,-1.834361E-2
4.143695E1,1.311009E-1,-2.756709E-2
4.147028E1,1.063076E-1,-3.742378E-2
4.150362E1,7.671281E-2,-4.461764E-2
4.153696E1,4.427408E-2,-5.165880E-2
4.157029E1,1.014334E-2,-5.299201E-2
4.160363E1,-1.651835E-2,-5.383723E-2
4.163697E1,-5.797491E-2,-5.060411E-2
4.167030E1,-8.924081E-2,-4.297206E-2
4.170364E1,-1.166239E-1,-3.453180E-2
4.173697E1,-1.394017E-1,-2.494719E-2
4.177031E1,-1.589007E-1,-1.508463E-2
4.180365E1,-1.720102E-1,-7.691877E-3
4.183698E1,-1.801433E-1,-2.394239E-3
4.187032E1,-1.830223E-1,-2.183020E-4
4.190366E1,-1.807382E-1,-1.594511E-3
4.193699E1,-1.732278E-1,-6.415629E-3
4.197033E1,-1.604434E-1,-1.391973E-2
4.200366E1,-1.428424E-1,-2.318780E-2
4.203700E1,-1.201259E-1,-3.284195E-2
4.207034E1,-9.299813E-2,-4.204918E-2
4.210367E1,-6.235601E-2,-4.977080E-2
4.213701E1,-2.853302E-2,-5.241835E-2
4.217035E1,5.906133E-3,-5.306506E-2
4.220368E1,3.985571E-2,-5.189432E-2
4.223702E1,7.170434E-2,-4.649195E-2
4.227035E1,1.014322E-1,-3.922095E-2
4.230369E1,1.257253E-1,-2.995181E-2
4.233703E1,1.451236E-1,-2.087236E-2
4.237036E1,1.591229E-1,-1.307739E-2
4.240370E1,1.682445E-1,-7.542476E-3
4.243704E1,1.721983E-1,-4.167124E-3
4.247037E1,1.722086E-1,-4.702938E-3
4.250371E1,1.669223E-1,-7.293875E-3
4.253704E1,1.579159E-1,-1.370444E-2
4.257038E1,1.430135E-1,-2.197254E-2
4.260372E1,1.227463E-1,-3.106678E-2
4.263705E1,9.670227E-2,-4.023260E-2
4.267039E1,6.658217E-2,-4.747821E-2
4.270373E1,3.399811E-2,-5.236352E-2
4.273706E1,-1.028895E-2,-5.477493E-2
4.277040E1,-3.427534E-2,-5.200470E-2
4.280373E1,-6.679738E-2,-4.933521E-2
4.283707E1,-9.645181E-2,-4.174621E-2
4.287041E1,-1.222308E-1,-3.309162E-2
4.290374E1,-1.429062E-1,-2.434724E-2
4.293708E1,-1.585622E-1,-1.628248E-2
4.297042E1,-1.726811E-1,-7.913103E-3
4.300375E1,-1.789831E-1,-3.830972E-3
4.303709E1,-1.805107E-1,-2.728209E-3
4.307042E1,-1.764718E-1,-5.214729E-3
4.310376E1,-1.672828E-1,-1.073277E-2
4.313710E1,-1.537893E-1,-1.818287E-2
4.317043E1,-1.350526E-1,-2.739336E-2
4.320377E1,-1.110400E-1,-3.667838E-2
4.323711E1,-8.294488E-2,-4.487036E-2
4.327044E1,-5.169330E-2,-5.105824E-2
4.330378E1,-1.551257E-2,-5.504143E-2
4.333711E1,1.603760E-2,-5.315884E-2
4.337045E1,4.933136E-2,-5.200937E-2
4.340379E1,8.073932E-2,-4.499438E-2
4.343712E1,1.079429E-1,-3.629559E-2
4.347046E1,1.306480E-1,-2.734308E-2
4.350380E1,1.482139E-1,-1.898932E-2
4.353713E1,1.604701E-1,-1.196209E-2
4.357047E1,1.718374E-1,-5.145965E-3
4.360380E1,1.754785E-1,-2.874228E-3
4.363714E1,1.731707E-1,-4.432469E-3
4.367048E1,1.663571E-1,-8.887596E-3
4.370381E1,1.537332E-1,-1.592188E-2
4.373715E1,1.368576E-1,-2.421858E-2
4.377049E1,1.142462E-1,-3.395768E-2
4.380382E1,8.715827E-2,-4.297551E-2
4.383716E1,5.678189E-2,-5.065847E-2
4.387049E1,2.342702E-2,-5.266621E-2
4.390383E1,-1.272676E-2,-5.491359E-2
4.393717E1,-4.362357E-2,-5.136657E-2
4.397050E1,-7.500231E-2,-4.738519E-2
4.400384E1,-1.032058E-1,-3.893312E-2
4.403718E1,-1.274283E-1,-3.019068E-2
4.407051E1,-1.457881E-1,-2.146568E-2
4.410385E1,-1.595873E-1,-1.384829E-2
4.413718E1,-1.716061E-1,-6.634385E-3
4.417052E1,-1.771469E-1,-3.174877E-3
4.420386E1,-1.770481E-1,-3.385075E-3
4.423719E1,-1.717775E-1,-6.813908E-3
4.427053E1,-1.610531E-1,-1.327848E-2
4.430387E1,-1.462117E-1,-2.113251E-2
4.433720E1,-1.261361E-1,-2.994885E-2
4.437054E1,-1.012805E-1,-3.901129E-2
4.440387E1,-7.235580E-2,-4.780359E-2
4.443721E1,-4.022497E-2,-5.172887E-2
4.447055E1,-9.548493E-3,-5.539587E-2
4.450388E1,2.648200E-2,-5.237900E-2
4.453722E1,5.865786E-2,-4.998715E-2
4.457055E1,8.842319E-2,-4.263982E-2
4.460389E1,1.143059E-1,-3.384352E-2
4.463723E1,1.348537E-1,-2.518082E-2
4.467056E1,1.503521E-1,-1.683848E-2
4.470390E1,1.618095E-1,-1.206549E-2
4.473724E1,1.677439E-1,-8.213339E-3
4.477057E1,1.689003E-1,-7.086782E-3
4.480391E1,1.657231E-1,-8.350438E-3
4.483724E1,1.586041E-1,-1.355183E-2
4.487058E1,1.457359E-1,-2.040300E-2
4.490392E1,1.278131E-1,-2.871268E-2
4.493725E1,1.039771E-1,-3.764627E-2
4.497059E1,7.592685E-2,-4.483767E-2
4.500393E1,4.466049E-2,-5.151850E-2
4.503726E1,1.171872E-2,-5.310397E-2
4.507060E1,-1.689888E-2,-5.392678E-2
4.510393E1,-5.377053E-2,-5.072705E-2
4.513727E1,-8.366063E-2,-4.388153E-2
4.517061E1,-1.107194E-1,-3.693246E-2
4.520394E1,-1.331210E-1,-2.822292E-2
4.523728E1,-1.527447E-1,-1.851238E-2
4.527062E1,-1.660997E-1,-1.106271E-2
4.530395E1,-1.740785E-1,-6.015483E-3
4.533729E1,-1.772744E-1,-4.033112E-3
4.537062E1,-1.752437E-1,-5.266181E-3
4.540396E1,-1.682359E-1,-9.445816E-3
4.543730E1,-1.559161E-1,-1.635679E-2
4.547063E1,-1.391981E-1,-2.491670E-2
4.550397E1,-1.172313E-1,-3.409326E-2
4.553731E1,-9.119923E-2,-4.275095E-2
4.557064E1,-6.165161E-2,-4.973291E-2
4.560398E1,-2.907866E-2,-5.215994E-2
4.563731E1,4.386217E-3,-5.308983E-2
4.567065E1,3.698351E-2,-5.208771E-2
4.570399E1,6.766503E-2,-4.762177E-2
4.573732E1,9.625060E-2,-4.058902E-2
4.577066E1,1.205748E-1,-3.240515E-2
4.580400E1,1.386194E-1,-2.338010E-2
4.583733E1,1.527433E-1,-1.622142E-2
4.587067E1,1.617549E-1,-1.113407E-2
4.590400E1,1.662746E-1,-8.363837E-3
4.593734E1,1.662232E-1,-8.464093E-3
4.597068E1,1.619174E-1,-1.096877E-2
4.600401E1,1.529673E-1,-1.619633E-2
4.603735E1,1.386100E-1,-2.388919E-2
4.607069E1,1.189664E-1,-3.243906E-2
4.610402E1,9.373583E-2,-4.075078E-2
4.613736E1,6.513250E-2,-4.848064E-2
4.617069E1,3.308011E-2,-5.223492E-2
4.620403E1,-1.033099E-2,-5.445643E-2
4.623737E1,-3.268798E-2,-5.205379E-2
4.627070E1,-6.401998E-2,-4.985887E-2
4.630404E1,-9.264376E-2,-4.292619E-2
4.633738E1,-1.178087E-1,-3.461432E-2
4.637071E1,-1.387757E-1,-2.570064E-2
4.640405E1,-1.561686E-1,-1.701974E-2
4.643738E1,-1.672996E-1,-1.087666E-2
4.647072E1,-1.735088E-1,-6.865021E-3
4.650406E1,-1.753892E-1,-5.856774E-3
4.653739E1,-1.715026E-1,-8.168046E-3
4.657073E1,-1.627579E-1,-1.349023E-2
4.660407E1,-1.488208E-1,-2.077712E-2
4.663740E1,-1.307351E-1,-2.891372E-2
4.667074E1,-1.073967E-1,-3.774884E-2
4.670407E1,-8.031270E-2,-4.602047E-2
4.673741E1,-4.961258E-2,-5.105490E-2
4.677075E1,-1.582607E-2,-5.464499E-2
4.680408E1,1.537513E-2,-5.289611E-2
4.683742E1,4.699113E-2,-5.160226E-2
4.687076E1,7.744101E-2,-4.591017E-2
4.690409E1,1.038827E-1,-3.776725E-2
4.693743E1,1.260693E-1,-2.963470E-2
4.697076E1,1.422695E-1,-2.128152E-2
4.700410E1,1.548461E-1,-1.482268E-2
4.703744E1,1.617980E-1,-1.047764E-2
4.707077E1,1.651640E-1,-9.467543E-3
4.710411E1,1.637850E-1,-1.079295E-2
4.713745E1,1.573718E-1,-1.373458E-2
4.717078E1,1.468340E-1,-2.015309E-2
4.720412E1,1.310184E-1,-2.760040E-2
4.723745E1,1.089127E-1,-3.636690E-2
4.727079E1,8.254861E-2,-4.433470E-2
4.730413E1,5.333940E-2,-5.102305E-2
4.733746E1,2.140425E-2,-5.339138E-2
4.737080E1,-1.442064E-2,-5.466388E-2
4.740414E1,-4.323368E-2,-5.126538E-2
4.743747E1,-7.358860E-2,-4.778900E-2
4.747081E1,-1.009949E-1,-4.047914E-2
4.750414E1,-1.244117E-1,-3.204250E-2
4.753748E1,-1.429352E-1,-2.408351E-2
4.757082E1,-1.586607E-1,-1.567086E-2
4.760415E1,-1.677878E-1,-1.063970E-2
4.763749E1,-1.729202E-1,-7.398893E-3
4.767083E1,-1.721404E-1,-7.961627E-3
4.770416E1,-1.668087E-1,-1.085030E-2
4.773750E1,-1.558397E-1,-1.693018E-2
4.777083E1,-1.411421E-1,-2.441864E-2
4.780417E1,-1.210606E-1,-3.304772E-2
4.783751E1,-9.692831E-2,-4.117667E-2
4.787084E1,-6.885287E-2,-4.863672E-2
4.790418E1,-3.774849E-2,-5.176771E-2
4.793752E1,-1.010281E-2,-5.510475E-2
4.797085E1,2.669123E-2,-5.256815E-2
4.800419E1,5.794532E-2,-5.029532E-2
4.803752E1,8.649811E-2,-4.333258E-2
4.807086E1,1.111573E-1,-3.519182E-2
4.810420E1,1.308587E-1,-2.730277E-2
4.813753E1,1.461482E-1,-2.051766E-2
4.817087E1,1.566566E-1,-1.429087E-2
4.820421E1,1.662863E-1,-9.363133E-3
4.823754E1,1.675346E-1,-8.721514E-3
4.827088E1,1.632775E-1,-1.160708E-2
4.830421E1,1.537371E-1,-1.631777E-2
4.833755E1,1.407959E-1,-2.294424E-2
4.837089E1,1.226001E-1,-3.113415E-2
4.840422E1,9.880261E-2,-3.914810E-2
4.843756E1,7.120753E-2,-4.688706E-2
4.847090E1,4.110151E-2,-5.131169E-2
4.850423E1,9.497689E-3,-5.257179E-2
4.853757E1,-1.734694E-2,-5.303811E-2
4.857090E1,-5.352106E-2,-5.053204E-2
4.860424E1,-8.232193E-2,-4.350767E-2
4.863758E1,-1.082588E-1,-3.689403E-2
4.867091E1,-1.290832E-1,-2.838102E-2
4.870425E1,-1.450468E-1,-2.090792E-2
4.873759E1,-1.591812E-1,-1.341618E-2
4.877092E1,-1.671190E-1,-8.794177E-3
4.880426E1,-1.697935E-1,-7.067316E-3
4.883759E1,-1.672764E-1,-8.541286E-3
4.887093E1,-1.598028E-1,-1.290703E-2
4.890427E1,-1.476516E-1,-1.926860E-2
4.893760E1,-1.313087E-1,-2.662655E-2
4.897094E1,-1.102569E-1,-3.528177E-2
4.900428E1,-8.485555E-2,-4.344748E-2
4.903761E1,-5.601410E-2,-4.992724E-2
4.907095E1,-1.646341E-2,-5.340650E-2
4.910428E1,7.328694E-3,-5.264901E-2
4.913762E1,3.883447E-2,-5.148717E-2
4.917096E1,6.872347E-2,-4.775169E-2
4.920429E1,9.599097E-2,-4.050424E-2
4.923763E1,1.188981E-1,-3.233753E-2
4.927097E1,1.360333E-1,-2.436644E-2
4.930430E1,1.490409E-1,-1.778244E-2
4.933764E1,1.576742E-1,-1.400193E-2
4.937097E1,1.656858E-1,-9.668703E-3
4.940431E1,1.646756E-1,-1.009526E-2
4.943765E1,1.583140E-1,-1.369189E-2
4.947098E1,1.474647E-1,-1.956857E-2
4.950432E1,1.326107E-1,-2.674557E-2
4.953765E1,1.122031E-1,-3.484783E-2
4.957099E1,8.734479E-2,-4.228499E-2
4.960433E1,5.924355E-2,-4.985300E-2
4.963766E1,2.844744E-2,-5.245086E-2
4.967100E1,-8.712994E-3,-5.474138E-2
4.970434E1,-3.503514E-2,-5.181890E-2
4.973767E1,-6.492562E-2,-4.931891E-2
4.977101E1,-9.245960E-2,-4.297046E-2
4.980434E1,-1.162777E-1,-3.489283E-2
4.983768E1,-1.346964E-1,-2.692074E-2
4.987102E1,-1.487540E-1,-1.971472E-2
4.990435E1,-1.608919E-1,-1.265098E-2
4.993769E1,-1.669876E-1,-9.728407E-3
4.997103E1,-1.678123E-1,-9.381432E-3
5.000436E1,-1.636754E-1,-1.194219E-2
5.003770E1,-1.544159E-1,-1.701410E-2
5.007103E1,-1.405487E-1,-2.386391E-2
5.010437E1,-1.222218E-1,-3.150525E-2
5.013771E1,-9.974537E-2,-3.992437E-2
5.017104E1,-7.308729E-2,-4.755383E-2
5.020438E1,-4.360781E-2,-5.120581E-2
5.023772E1,-1.249083E-2,-5.512746E-2
5.027105E1,2.006426E-2,-5.337555E-2
5.030439E1,5.017314E-2,-5.133967E-2
5.033772E1,7.876657E-2,-4.512502E-2
5.037106E1,1.041650E-1,-3.746982E-2
5.040440E1,1.244937E-1,-3.035390E-2
5.043773E1,1.399337E-1,-2.268327E-2
5.047107E1,1.508739E-1,-1.666269E-2
5.050441E1,1.620028E-1,-1.188088E-2
5.053774E1,1.636908E-1,-1.067461E-2
5.057108E1,1.608581E-1,-1.223600E-2
5.060441E1,1.531656E-1,-1.621845E-2
5.063775E1,1.403396E-1,-2.302230E-2
5.067109E1,1.234187E-1,-3.094318E-2
5.070442E1,1.012447E-1,-3.886762E-2
5.073776E1,7.539211E-2,-4.622364E-2
5.077110E1,4.604757E-2,-5.126092E-2
5.080443E1,1.517648E-2,-5.320948E-2
5.083777E1,-1.519685E-2,-5.453078E-2
5.087110E1,-4.703316E-2,-5.139998E-2
5.090444E1,-7.586875E-2,-4.614742E-2
5.093778E1,-1.018600E-1,-3.937702E-2
5.097111E1,-1.228645E-1,-3.132839E-2
5.100445E1,-1.397947E-1,-2.438505E-2
5.103779E1,-1.551717E-1,-1.689268E-2
5.107112E1,-1.631769E-1,-1.230149E-2
5.110446E1,-1.667075E-1,-1.004930E-2
5.113779E1,-1.652230E-1,-1.102930E-2
5.117113E1,-1.585565E-1,-1.478593E-2
5.120447E1,-1.475595E-1,-2.068623E-2
5.123780E1,-1.322008E-1,-2.787330E-2
5.127114E1,-1.122751E-1,-3.562105E-2
5.130448E1,-8.792982E-2,-4.338288E-2
5.133781E1,-6.030611E-2,-5.010187E-2
5.137115E1,-3.007997E-2,-5.208908E-2
5.140448E1,1.206993E-3,-5.342149E-2
5.143782E1,3.223697E-2,-5.264381E-2
5.147116E1,6.186710E-2,-4.802429E-2
5.150449E1,8.901165E-2,-4.204082E-2
5.153783E1,1.119904E-1,-3.437193E-2
5.157117E1,1.302518E-1,-2.691639E-2
5.160450E1,1.435689E-1,-2.066365E-2
5.163784E1,1.563102E-1,-1.383559E-2
5.167117E1,1.614674E-1,-1.102038E-2
5.170451E1,1.615024E-1,-1.118931E-2
5.173785E1,1.564392E-1,-1.403572E-2
5.177118E1,1.468255E-1,-1.927524E-2
5.180452E1,1.319288E-1,-2.641493E-2
5.183786E1,1.128250E-1,-3.421971E-2
5.187119E1,8.947102E-2,-4.212457E-2
5.190453E1,6.248390E-2,-4.915404E-2
5.193786E1,3.259866E-2,-5.251233E-2
5.197120E1,1.659261E-3,-5.333277E-2
5.200454E1,-2.935384E-2,-5.240296E-2
5.203787E1,-5.910506E-2,-5.032864E-2
5.207121E1,-8.664629E-2,-4.420099E-2
5.210455E1,-1.106427E-1,-3.687086E-2
5.213788E1,-1.296072E-1,-2.947202E-2
5.217122E1,-1.443654E-1,-2.219193E-2
5.220455E1,-1.571755E-1,-1.585592E-2
5.223789E1,-1.629765E-1,-1.205032E-2
5.227123E1,-1.642522E-1,-1.102420E-2
5.230456E1,-1.609777E-1,-1.308312E-2
5.233790E1,-1.523024E-1,-1.820686E-2
5.237124E1,-1.394639E-1,-2.470487E-2
5.240457E1,-1.225381E-1,-3.197779E-2
5.243791E1,-1.006745E-1,-3.890775E-2
5.247124E1,-7.518111E-2,-4.697606E-2
5.250458E1,-4.652920E-2,-5.129827E-2
5.253792E1,-1.517712E-2,-5.476224E-2
5.257125E1,1.479567E-2,-5.307490E-2
5.260459E1,4.527191E-2,-5.193651E-2
5.263793E1,7.326228E-2,-4.647908E-2
5.267126E1,9.873246E-2,-3.944114E-2
5.270460E1,1.192856E-1,-3.192741E-2
5.273793E1,1.355090E-1,-2.470148E-2
5.277127E1,1.467654E-1,-1.909902E-2
5.280461E1,1.572375E-1,-1.327765E-2
5.283794E1,1.596786E-1,-1.186623E-2
5.287128E1,1.574041E-1,-1.332677E-2
5.290462E1,1.501940E-1,-1.721405E-2
5.293795E1,1.382072E-1,-2.337168E-2
5.297129E1,1.223088E-1,-3.091856E-2
5.300462E1,1.014056E-1,-3.796653E-2
5.303796E1,7.661663E-2,-4.554843E-2
5.307130E1,4.827668E-2,-5.140067E-2
5.310463E1,1.878309E-2,-5.329174E-2
5.313797E1,-1.283781E-2,-5.502331E-2
5.317131E1,-4.273824E-2,-5.166994E-2
5.320464E1,-7.116554E-2,-4.772366E-2
5.323798E1,-9.709240E-2,-4.133224E-2
5.327131E1,-1.190503E-1,-3.375612E-2
5.330465E1,-1.353349E-1,-2.671786E-2
5.333799E1,-1.503550E-1,-1.928768E-2
5.337132E1,-1.586773E-1,-1.420359E-2
5.340466E1,-1.626495E-1,-1.172913E-2
5.343800E1,-1.615059E-1,-1.228422E-2
5.347133E1,-1.559711E-1,-1.542520E-2
5.350467E1,-1.453238E-1,-2.131551E-2
5.353800E1,-1.306058E-1,-2.814380E-2
5.357134E1,-1.115937E-1,-3.567588E-2
5.360468E1,-8.817302E-2,-4.290654E-2
5.363801E1,-6.153482E-2,-4.959906E-2
5.367135E1,-3.201825E-2,-5.195667E-2
5.370469E1,-2.284210E-3,-5.362147E-2
5.373802E1,2.886603E-2,-5.226406E-2
5.377136E1,5.819776E-2,-4.903939E-2
5.380469E1,8.476893E-2,-4.277223E-2
5.383803E1,1.072333E-1,-3.578219E-2
5.387137E1,1.255292E-1,-2.873377E-2
5.390470E1,1.397836E-1,-2.277697E-2
5.393804E1,1.489737E-1,-1.771652E-2
5.397138E1,1.571393E-1,-1.348489E-2
5.400471E1,1.575986E-1,-1.353789E-2
5.403805E1,1.525189E-1,-1.620957E-2
5.407138E1,1.433333E-1,-2.151051E-2
5.410472E1,1.298334E-1,-2.729997E-2
5.413806E1,1.117404E-1,-3.432637E-2
5.417139E1,8.951679E-2,-4.212187E-2
5.420473E1,6.347997E-2,-4.896959E-2
5.423807E1,3.436270E-2,-5.224689E-2
5.427140E1,4.092389E-3,-5.313630E-2
5.430474E1,-2.623421E-2,-5.234994E-2
5.433807E1,-5.535826E-2,-5.041466E-2
5.437141E1,-8.243178E-2,-4.418027E-2
5.440475E1,-1.060294E-1,-3.697012E-2
5.443808E1,-1.252820E-1,-3.072524E-2
5.447142E1,-1.398074E-1,-2.365996E-2
5.450475E1,-1.527808E-1,-1.734190E-2
5.453809E1,-1.585348E-1,-1.401102E-2
5.457143E1,-1.607380E-1,-1.286039E-2
5.460476E1,-1.576442E-1,-1.445587E-2
5.463810E1,-1.494325E-1,-1.894099E-2
5.467144E1,-1.371848E-1,-2.524590E-2
5.470477E1,-1.207192E-1,-3.235782E-2
5.473811E1,-9.993717E-2,-3.914248E-2
5.477144E1,-7.510495E-2,-4.650271E-2
5.480478E1,-4.748976E-2,-5.156687E-2
5.483812E1,-1.596300E-2,-5.451360E-2
5.487145E1,1.258709E-2,-5.317732E-2
5.490479E1,4.241075E-2,-5.206475E-2
5.493813E1,7.015021E-2,-4.728945E-2
5.497146E1,9.542141E-2,-4.065692E-2
5.500480E1,1.156229E-1,-3.300921E-2
5.503813E1,1.314985E-1,-2.596976E-2
5.507147E1,1.471314E-1,-1.906772E-2
5.510481E1,1.539836E-1,-1.527970E-2
5.513814E1,1.571902E-1,-1.368700E-2
5.517148E1,1.550190E-1,-1.492737E-2
5.520482E1,1.479881E-1,-1.882929E-2
5.523815E1,1.365113E-1,-2.443427E-2
5.527149E1,1.206010E-1,-3.147796E-2
5.530482E1,1.005192E-1,-3.927036E-2
5.533816E1,7.610059E-2,-4.574649E-2
5.537150E1,4.855591E-2,-5.162145E-2
5.540483E1,1.952069E-2,-5.336299E-2
5.543817E1,-1.203000E-2,-5.497076E-2
5.547151E1,-4.042784E-2,-5.207873E-2
5.550484E1,-6.861024E-2,-4.828549E-2
5.553818E1,-9.374297E-2,-4.161307E-2
5.557151E1,-1.151403E-1,-3.422960E-2
5.560485E1,-1.317305E-1,-2.779226E-2
5.563819E1,-1.462973E-1,-2.029388E-2
5.567152E1,-1.547763E-1,-1.625639E-2
5.570486E1,-1.589685E-1,-1.397620E-2
5.573820E1,-1.582186E-1,-1.435844E-2
5.577153E1,-1.525441E-1,-1.763465E-2
5.580487E1,-1.425256E-1,-2.266987E-2
5.583820E1,-1.282383E-1,-2.891934E-2
5.587154E1,-1.097902E-1,-3.627222E-2
5.590488E1,-8.688890E-2,-4.276348E-2
5.593821E1,-6.116119E-2,-4.988279E-2
5.597155E1,-3.264680E-2,-5.208268E-2
5.600489E1,-4.140581E-3,-5.411696E-2
5.603822E1,2.681635E-2,-5.285592E-2
5.607156E1,5.560883E-2,-5.049808E-2
5.610489E1,8.199711E-2,-4.430748E-2
5.613823E1,1.045420E-1,-3.782104E-2
5.617157E1,1.226606E-1,-3.098674E-2
5.620490E1,1.361667E-1,-2.447926E-2
5.623824E1,1.452825E-1,-2.018897E-2
5.627158E1,1.534535E-1,-1.621639E-2
5.630491E1,1.535802E-1,-1.617666E-2
5.633825E1,1.495795E-1,-1.840068E-2
5.637158E1,1.399698E-1,-2.333963E-2
5.640492E1,1.270151E-1,-2.925869E-2
5.643826E1,1.095651E-1,-3.602328E-2
5.647159E1,8.745758E-2,-4.325384E-2
5.650493E1,6.219088E-2,-4.933603E-2
5.653827E1,3.367105E-2,-5.271132E-2
5.657160E1,4.051026E-3,-5.348419E-2
5.660494E1,-2.558697E-2,-5.303837E-2
5.663827E1,-5.406705E-2,-5.106300E-2
5.667161E1,-8.053578E-2,-4.491553E-2
5.670495E1,-1.038052E-1,-3.876047E-2
5.673828E1,-1.221195E-1,-3.176933E-2
5.677162E1,-1.366988E-1,-2.520741E-2
5.680496E1,-1.494195E-1,-1.904059E-2
5.683829E1,-1.553432E-1,-1.553043E-2
5.687163E1,-1.571842E-1,-1.491518E-2
5.690496E1,-1.543526E-1,-1.635714E-2
5.693830E1,-1.462720E-1,-2.059576E-2
5.697164E1,-1.340226E-1,-2.653972E-2
5.700497E1,-1.181351E-1,-3.304343E-2
5.703831E1,-9.789855E-2,-4.041359E-2
5.707165E1,-7.369010E-2,-4.721905E-2
5.710498E1,-4.643367E-2,-5.189367E-2
5.713832E1,-1.590554E-2,-5.506906E-2
5.717165E1,1.222848E-2,-5.342947E-2
5.720499E1,4.124378E-2,-5.230374E-2
5.723833E1,6.843314E-2,-4.750746E-2
5.727166E1,9.275185E-2,-4.108111E-2
5.730500E1,1.125009E-1,-3.405422E-2
5.733834E1,1.283346E-1,-2.762542E-2
5.737167E1,1.398952E-1,-2.298580E-2
5.740501E1,1.496750E-1,-1.784922E-2
5.743834E1,1.522895E-1,-1.630363E-2
5.747168E1,1.503462E-1,-1.757464E-2
5.750502E1,1.436928E-1,-2.129413E-2
5.753835E1,1.323258E-1,-2.662037E-2
5.757169E1,1.173176E-1,-3.323861E-2
5.760503E1,9.766740E-2,-3.998422E-2
5.763836E1,7.337801E-2,-4.608949E-2
5.767170E1,4.688851E-2,-5.176576E-2
5.770503E1,1.854060E-2,-5.352756E-2
5.773837E1,-1.188443E-2,-5.503972E-2
5.777171E1,-4.008071E-2,-5.199265E-2
5.780504E1,-6.741270E-2,-4.849327E-2
5.783838E1,-9.216067E-2,-4.238557E-2
5.787172E1,-1.129061E-1,-3.567257E-2
5.790505E1,-1.290302E-1,-2.913587E-2
5.793839E1,-1.437083E-1,-2.263018E-2
5.797172E1,-1.522510E-1,-1.830836E-2
5.800506E1,-1.559169E-1,-1.612238E-2
5.803840E1,-1.550107E-1,-1.642170E-2
5.807173E1,-1.494853E-1,-1.931226E-2
5.810507E1,-1.391344E-1,-2.427162E-2
5.813841E1,-1.252273E-1,-3.072103E-2
5.817174E1,-1.069366E-1,-3.772964E-2
5.820508E1,-8.472441E-2,-4.448537E-2
