t,x,y
6.667245E-2,-2.954505E-1,8.554401E-2
1.000087E-1,-2.860416E-1,6.343219E-2
1.333449E-1,-2.760139E-1,3.569292E-2
1.666811E-1,-2.520579E-1,-2.383703E-3
2.000174E-1,-2.154695E-1,-3.934635E-2
2.333536E-1,-1.690649E-1,-7.232290E-2
2.666898E-1,-1.115587E-1,-1.001928E-1
3.000260E-1,-4.538441E-2,-1.171805E-1
3.333623E-1,2.480256E-2,-1.220398E-1
3.666985E-1,8.558680E-2,-1.111707E-1
4.000347E-1,1.445732E-1,-9.114462E-2
4.333709E-1,1.975420E-1,-5.868164E-2
4.667072E-1,2.291644E-1,-3.520250E-2
5.000434E-1,2.716235E-1,1.497585E-2
5.333796E-1,2.921597E-1,4.535761E-2
5.667158E-1,3.051926E-1,6.988928E-2
6.000521E-1,3.116019E-1,8.664933E-2
6.333883E-1,3.124182E-1,8.316646E-2
6.667245E-1,3.100327E-1,7.927365E-2
7.000607E-1,3.034061E-1,6.465036E-2
7.333970E-1,2.909896E-1,4.256622E-2
7.667332E-1,2.672083E-1,5.676238E-3
8.000694E-1,2.412952E-1,-2.384360E-2
8.334056E-1,2.025144E-1,-5.610769E-2
8.667419E-1,1.526190E-1,-8.701543E-2
9.000781E-1,9.404411E-2,-1.092868E-1
9.334143E-1,2.532187E-2,-1.192953E-1
9.667506E-1,-4.203437E-2,-1.179683E-1
1.000087E0,-1.048505E-1,-1.029887E-1
1.033423E0,-1.666507E-1,-7.287609E-2
1.066759E0,-2.124737E-1,-4.006770E-2
1.100095E0,-2.421864E-1,-1.225693E-2
1.133432E0,-2.631238E-1,1.397441E-2
1.166768E0,-2.839000E-1,4.559067E-2
1.200104E0,-2.940591E-1,6.691440E-2
1.233440E0,-2.989642E-1,8.000482E-2
1.266777E0,-2.998860E-1,8.312629E-2
1.300113E0,-2.965718E-1,7.551545E-2
1.333449E0,-2.888812E-1,5.804255E-2
1.366785E0,-2.748362E-1,3.311358E-2
1.400121E0,-2.499199E-1,3.494874E-3
1.433458E0,-2.218989E-1,-3.033698E-2
1.466794E0,-1.771395E-1,-6.727318E-2
1.500130E0,-1.257216E-1,-9.597249E-2
1.533466E0,-6.775405E-2,-1.113334E-1
1.566803E0,1.445902E-3,-1.232020E-1
1.600139E0,6.979990E-2,-1.164005E-1
1.633475E0,1.254830E-1,-9.892497E-2
1.666811E0,1.868407E-1,-6.741936E-2
1.700148E0,2.317561E-1,-3.180237E-2
1.733484E0,2.536268E-1,-1.031476E-2
1.766820E0,2.769491E-1,2.001058E-2
1.800156E0,2.936835E-1,4.010767E-2
1.833492E0,3.018494E-1,6.298434E-2
1.866829E0,3.057162E-1,7.189972E-2
1.900165E0,3.046140E-1,7.011335E-2
1.933501E0,2.991427E-1,5.801958E-2
1.966837E0,2.879423E-1,3.856524E-2
2.000174E0,2.675729E-1,5.951949E-3
2.033510E0,2.412601E-1,-2.133985E-2
2.066846E0,2.033607E-1,-5.693057E-2
2.100182E0,1.557255E-1,-8.530941E-2
2.133518E0,9.940572E-2,-1.082867E-1
2.166855E0,2.466706E-2,-1.195013E-1
2.200191E0,-3.026829E-2,-1.236466E-1
2.233527E0,-8.889978E-2,-1.094431E-1
2.266863E0,-1.434544E-1,-8.687640E-2
2.300200E0,-1.837897E-1,-6.309401E-2
2.333536E0,-2.409976E-1,-1.415514E-2
2.366872E0,-2.574780E-1,6.727913E-3
2.400208E0,-2.745042E-1,3.122475E-2
2.433544E0,-2.867090E-1,5.271447E-2
2.466881E0,-2.932317E-1,6.551942E-2
2.500217E0,-2.947134E-1,6.938564E-2
2.533553E0,-2.911821E-1,6.281396E-2
2.566889E0,-2.829214E-1,4.695279E-2
2.600226E0,-2.685318E-1,2.443012E-2
2.633562E0,-2.453614E-1,-6.243948E-3
2.666898E0,-2.168329E-1,-3.443970E-2
2.700234E0,-1.735856E-1,-6.820567E-2
2.733571E0,-1.232357E-1,-9.549241E-2
2.766907E0,-6.603139E-2,-1.115462E-1
2.800243E0,3.126770E-3,-1.240132E-1
2.833579E0,6.279167E-2,-1.140800E-1
2.866915E0,1.208049E-1,-1.001484E-1
2.900252E0,1.750697E-1,-7.322489E-2
2.933588E0,2.241882E-1,-4.003460E-2
2.966924E0,2.504633E-1,-2.520564E-2
3.000260E0,2.733175E-1,1.416897E-2
3.033597E0,2.900051E-1,3.975384E-2
3.066933E0,2.990798E-1,5.737198E-2
3.100269E0,3.022129E-1,6.539263E-2
3.133605E0,3.014624E-1,6.368624E-2
3.166941E0,2.957329E-1,5.194091E-2
3.200278E0,2.836837E-1,3.125767E-2
3.233614E0,2.657466E-1,6.554119E-3
3.266950E0,2.346654E-1,-2.727554E-2
3.300286E0,1.958845E-1,-5.953962E-2
3.333623E0,1.498592E-1,-8.816893E-2
3.366959E0,9.360860E-2,-1.085275E-1
3.400295E0,2.470326E-2,-1.191353E-1
3.433631E0,-3.361833E-2,-1.228588E-1
3.466967E0,-9.733922E-2,-1.028834E-1
3.500304E0,-1.491809E-1,-8.121728E-2
3.533640E0,-1.798924E-1,-6.155323E-2
3.566976E0,-2.320193E-1,-2.296612E-2
3.600312E0,-2.532582E-1,3.448075E-3
3.633649E0,-2.679184E-1,2.439223E-2
3.666985E0,-2.803672E-1,4.485949E-2
3.700321E0,-2.869737E-1,5.593766E-2
3.733657E0,-2.881619E-1,5.831529E-2
3.766994E0,-2.841380E-1,5.109912E-2
3.800330E0,-2.749832E-1,3.550250E-2
3.833666E0,-2.591477E-1,1.023404E-2
3.867002E0,-2.404938E-1,-1.390269E-2
3.900338E0,-2.091930E-1,-4.351483E-2
3.933675E0,-1.628412E-1,-7.630425E-2
3.967011E0,-1.121003E-1,-1.000365E-1
4.000347E0,-5.709198E-2,-1.156752E-1
4.033683E0,6.567865E-3,-1.165430E-1
4.067020E0,6.314082E-2,-1.179885E-1
4.100356E0,1.271639E-1,-9.973616E-2
4.133692E0,1.825390E-1,-7.242923E-2
4.167028E0,2.264131E-1,-3.879396E-2
4.200364E0,2.512049E-1,-1.619195E-2
4.233701E0,2.732619E-1,9.165277E-3
4.267037E0,2.889800E-1,3.216004E-2
4.300373E0,2.974025E-1,4.724254E-2
4.333709E0,3.000663E-1,5.279610E-2
4.367046E0,2.981432E-1,4.903314E-2
4.400382E0,2.904581E-1,3.593341E-2
4.433718E0,2.761288E-1,1.586007E-2
4.467054E0,2.549485E-1,-9.372278E-3
4.500390E0,2.214641E-1,-3.831233E-2
4.533727E0,1.809958E-1,-6.943911E-2
4.567063E0,1.323296E-1,-9.456235E-2
4.600399E0,7.552773E-2,-1.131197E-1
4.633735E0,1.307158E-2,-1.188653E-1
4.667072E0,-3.518459E-2,-1.183623E-1
4.700408E0,-1.015355E-1,-1.012727E-1
4.733744E0,-1.559452E-1,-7.690037E-2
4.767080E0,-2.003183E-1,-4.725339E-2
4.800417E0,-2.353995E-1,-1.434640E-2
4.833753E0,-2.498848E-1,9.911221E-4
4.867089E0,-2.660855E-1,2.304631E-2
4.900425E0,-2.766517E-1,4.045741E-2
4.933761E0,-2.812756E-1,4.899370E-2
4.967098E0,-2.809712E-1,4.872515E-2
5.000434E0,-2.755550E-1,3.911753E-2
5.033770E0,-2.649111E-1,2.236417E-2
5.067106E0,-2.472984E-1,-9.041367E-4
5.100443E0,-2.253075E-1,-2.537628E-2
5.133779E0,-1.879495E-1,-5.816960E-2
5.167115E0,-1.432462E-1,-8.576751E-2
5.200451E0,-9.198789E-2,-1.067940E-1
5.233787E0,-3.449971E-2,-1.195322E-1
5.267124E0,3.880636E-2,-1.204305E-1
5.300460E0,8.644478E-2,-1.128282E-1
5.333796E0,1.483615E-1,-8.933989E-2
5.367132E0,1.947856E-1,-6.400653E-2
5.400469E0,2.326953E-1,-3.107466E-2
5.433805E0,2.536268E-1,-1.031476E-2
5.467141E0,2.719168E-1,1.172998E-2
5.500477E0,2.861339E-1,3.059631E-2
5.533814E0,2.925333E-1,4.202959E-2
5.567150E0,2.937589E-1,4.425217E-2
5.600486E0,2.898263E-1,3.745620E-2
5.633822E0,2.794436E-1,2.199666E-2
5.667158E0,2.630244E-1,2.254040E-3
5.700495E0,2.371691E-1,-2.724044E-2
5.733831E0,1.975186E-1,-5.701247E-2
5.767167E0,1.570618E-1,-8.282472E-2
5.800503E0,1.072275E-1,-1.066936E-1
5.833840E0,4.900550E-2,-1.217005E-1
5.867176E0,-2.551972E-2,-1.206677E-1
5.900512E0,-7.217300E-2,-1.117128E-1
5.933848E0,-1.241512E-1,-9.574654E-2
5.967184E0,-1.736364E-1,-6.993197E-2
6.000521E0,-2.123787E-1,-4.016238E-2
6.033857E0,-2.444928E-1,-1.133896E-2
6.067193E0,-2.524471E-1,5.128943E-3
6.100529E0,-2.665523E-1,2.484846E-2
6.133866E0,-2.743017E-1,3.763197E-2
6.167202E0,-2.768713E-1,4.254319E-2
6.200538E0,-2.740934E-1,3.805105E-2
6.233874E0,-2.659938E-1,2.510199E-2
6.267210E0,-2.514433E-1,4.962670E-3
6.300547E0,-2.312315E-1,-1.961609E-2
6.333883E0,-2.074887E-1,-4.599518E-2
6.367219E0,-1.643559E-1,-7.493748E-2
6.400555E0,-1.174238E-1,-9.881494E-2
6.433892E0,-6.398002E-2,-1.125408E-1
6.467228E0,-6.911639E-3,-1.224844E-1
6.500564E0,6.423394E-2,-1.149425E-1
6.533900E0,1.095194E-1,-1.044880E-1
6.567237E0,1.628738E-1,-8.090651E-2
6.600573E0,1.938330E-1,-6.333953E-2
6.633909E0,2.420956E-1,-2.131552E-2
6.667245E0,2.569300E-1,-7.764211E-3
6.700581E0,2.736058E-1,1.216572E-2
6.733918E0,2.839839E-1,2.729440E-2
6.767254E0,2.879313E-1,3.408361E-2
6.800590E0,2.866012E-1,3.200755E-2
6.833926E0,2.792758E-1,2.072056E-2
6.867263E0,2.647926E-1,2.307267E-3
6.900599E0,2.437051E-1,-1.908779E-2
6.933935E0,2.115661E-1,-4.679857E-2
6.967271E0,1.710693E-1,-7.574772E-2
7.000607E0,1.263176E-1,-9.891327E-2
7.033944E0,6.813850E-2,-1.135670E-1
7.067280E0,2.479237E-2,-1.196100E-1
7.100616E0,-4.453812E-2,-1.180034E-1
7.133952E0,-1.014653E-1,-1.062802E-1
7.167289E0,-1.476366E-1,-8.772829E-2
7.200625E0,-1.902289E-1,-6.169698E-2
7.233961E0,-2.253443E-1,-3.123210E-2
7.267297E0,-2.430443E-1,-1.059946E-2
7.300633E0,-2.598506E-1,9.966899E-3
7.333970E0,-2.705345E-1,2.564485E-2
7.367306E0,-2.758750E-1,3.320864E-2
7.400642E0,-2.753627E-1,3.277612E-2
7.433978E0,-2.691491E-1,2.379608E-2
7.467315E0,-2.572526E-1,7.073344E-3
7.500651E0,-2.388256E-1,-1.364461E-2
7.533987E0,-2.117435E-1,-4.021159E-2
7.567323E0,-1.737544E-1,-7.056471E-2
7.600660E0,-1.325204E-1,-9.419436E-2
7.633996E0,-8.556144E-2,-1.093963E-1
7.667332E0,-2.865762E-2,-1.194503E-1
7.700668E0,3.394788E-2,-1.194074E-1
7.734004E0,7.898281E-2,-1.198592E-1
7.767341E0,1.370970E-1,-9.375367E-2
7.800677E0,1.772073E-1,-7.294296E-2
7.834013E0,2.094130E-1,-4.975481E-2
7.867349E0,2.347465E-1,-2.746086E-2
7.900686E0,2.634897E-1,6.752282E-4
7.934022E0,2.758324E-1,1.747936E-2
7.967358E0,2.815746E-1,2.660579E-2
8.000694E0,2.819612E-1,2.771245E-2
8.034030E0,2.766478E-1,1.966721E-2
8.067367E0,2.649097E-1,4.122267E-3
8.100703E0,2.471361E-1,-1.536822E-2
8.134039E0,2.223221E-1,-3.996980E-2
8.167375E0,1.838741E-1,-6.838763E-2
8.200712E0,1.410996E-1,-9.291833E-2
8.234048E0,9.063598E-2,-1.109761E-1
8.267384E0,2.485080E-2,-1.192452E-1
8.300720E0,-3.259146E-2,-1.171731E-1
8.334056E0,-7.709563E-2,-1.103136E-1
8.367393E0,-1.267700E-1,-9.383814E-2
8.400729E0,-1.711969E-1,-6.925343E-2
8.434065E0,-1.976515E-1,-5.142250E-2
8.467401E0,-2.394425E-1,-1.078558E-2
8.500738E0,-2.506843E-1,-1.524330E-3
8.534074E0,-2.630461E-1,1.455587E-2
8.567410E0,-2.695130E-1,2.476671E-2
8.600746E0,-2.708727E-1,2.677735E-2
8.634083E0,-2.663810E-1,2.011042E-2
8.667419E0,-2.557783E-1,5.882817E-3
8.700755E0,-2.397119E-1,-1.302319E-2
8.734091E0,-2.134127E-1,-4.023499E-2
8.767427E0,-1.834864E-1,-6.257439E-2
8.800764E0,-1.409044E-1,-8.793871E-2
8.834100E0,-9.253117E-2,-1.071838E-1
8.867436E0,-3.871943E-2,-1.162523E-1
8.900772E0,2.519587E-2,-1.192766E-1
8.934109E0,7.132901E-2,-1.133143E-1
8.967445E0,1.218305E-1,-9.913061E-2
9.000781E0,1.648883E-1,-7.958133E-2
9.034117E0,1.991412E-1,-5.843275E-2
9.067453E0,2.266262E-1,-3.621107E-2
9.100790E0,2.544146E-1,-6.964726E-3
9.134126E0,2.682424E-1,9.360596E-3
9.167462E0,2.752557E-1,1.984113E-2
9.200798E0,2.767302E-1,2.260572E-2
9.234135E0,2.728215E-1,1.688675E-2
9.267471E0,2.624335E-1,3.464424E-3
9.300807E0,2.465248E-1,-1.511344E-2
9.334143E0,2.214758E-1,-3.914691E-2
9.367479E0,1.867977E-1,-6.634500E-2
9.400816E0,1.445381E-1,-8.864087E-2
9.434152E0,9.711512E-2,-1.076265E-1
9.467488E0,4.234052E-2,-1.226287E-1
9.500824E0,-1.692665E-2,-1.226248E-1
9.534161E0,-6.920678E-2,-1.115592E-1
9.567497E0,-1.177041E-1,-9.740427E-2
9.600833E0,-1.558527E-1,-7.835012E-2
9.634169E0,-1.874714E-1,-5.969358E-2
9.667506E0,-2.144943E-1,-3.743191E-2
9.700842E0,-2.447720E-1,-6.449936E-3
9.734178E0,-2.568811E-1,9.035344E-3
9.767514E0,-2.652426E-1,1.931278E-2
9.800850E0,-2.666774E-1,2.248653E-2
9.834187E0,-2.636113E-1,1.738213E-2
9.867523E0,-2.539966E-1,5.104868E-3
9.900859E0,-2.382935E-1,-1.316282E-2
9.934195E0,-2.154552E-1,-3.590206E-2
9.967532E0,-1.864135E-1,-6.072520E-2
1.000087E1,-1.459674E-1,-8.770489E-2
1.003420E1,-9.947771E-2,-1.066899E-1
1.006754E1,-4.704187E-2,-1.180385E-1
1.010088E1,2.419521E-2,-1.195894E-1
1.013421E1,6.865053E-2,-1.129581E-1
1.016755E1,1.096520E-1,-1.037250E-1
1.020089E1,1.521489E-1,-8.681299E-2
1.023422E1,1.894407E-1,-6.612155E-2
1.026756E1,2.170931E-1,-4.227287E-2
1.030089E1,2.365532E-1,-2.400342E-2
1.033423E1,2.505352E-1,-1.341459E-2
1.036757E1,2.716835E-1,1.164182E-2
1.040090E1,2.734445E-1,1.544532E-2
1.043424E1,2.701224E-1,1.084802E-2
1.046757E1,2.606318E-1,-1.135065E-3
1.050091E1,2.446774E-1,-1.914331E-2
1.053425E1,2.220713E-1,-4.006291E-2
1.056758E1,1.845354E-1,-6.735508E-2
1.060092E1,1.476781E-1,-8.791248E-2
1.063426E1,9.932235E-2,-1.073366E-1
1.066759E1,4.820342E-2,-1.173304E-1
1.070093E1,-8.760699E-3,-1.213663E-1
1.073426E1,-6.283845E-2,-1.155786E-1
1.076760E1,-1.116562E-1,-1.006538E-1
1.080094E1,-1.554039E-1,-8.009114E-2
1.083427E1,-1.933079E-1,-5.706924E-2
1.086761E1,-2.223888E-1,-3.182388E-2
1.090095E1,-2.453160E-1,-7.923877E-3
1.093428E1,-2.521116E-1,8.736136E-4
1.096762E1,-2.600018E-1,1.129587E-2
1.100095E1,-2.624207E-1,1.510966E-2
1.103429E1,-2.591278E-1,1.102078E-2
1.106763E1,-2.496503E-1,-7.432396E-4
1.110096E1,-2.343838E-1,-1.838946E-2
1.113430E1,-2.120080E-1,-3.912196E-2
1.116764E1,-1.830401E-1,-6.318216E-2
1.120097E1,-1.407815E-1,-8.729181E-2
1.123431E1,-9.570729E-2,-1.054052E-1
1.126764E1,-4.597050E-2,-1.167543E-1
1.130098E1,9.205981E-3,-1.177731E-1
1.133432E1,6.166832E-2,-1.184797E-1
1.136765E1,1.106186E-1,-1.016404E-1
1.140099E1,1.587268E-1,-8.500080E-2
1.143433E1,1.973227E-1,-6.255602E-2
1.146766E1,2.283942E-1,-3.739253E-2
1.150100E1,2.523572E-1,-1.264676E-2
1.153433E1,2.568949E-1,-5.260459E-3
1.156767E1,2.653712E-1,5.536599E-3
1.160101E1,2.676224E-1,8.717091E-3
1.163434E1,2.635723E-1,4.514508E-3
1.166768E1,2.540769E-1,-7.238891E-3
1.170102E1,2.385646E-1,-2.349616E-2
1.173435E1,2.152801E-1,-4.474286E-2
1.176769E1,1.776991E-1,-7.231578E-2
1.180102E1,1.381464E-1,-9.304439E-2
1.183436E1,9.346349E-2,-1.082146E-1
1.186770E1,4.230542E-2,-1.201250E-1
1.190103E1,-2.004691E-2,-1.191217E-1
1.193437E1,-6.292237E-2,-1.165916E-1
1.196771E1,-1.090351E-1,-1.022126E-1
1.200104E1,-1.518680E-1,-8.361387E-2
1.203438E1,-1.872598E-1,-5.990232E-2
1.206771E1,-2.169679E-1,-3.527729E-2
1.210105E1,-2.385894E-1,-1.252492E-2
1.213439E1,-2.518441E-1,4.297900E-3
1.216772E1,-2.540928E-1,3.436376E-3
1.220106E1,-2.583359E-1,8.385381E-3
1.223439E1,-2.557620E-1,3.412976E-3
1.226773E1,-2.457655E-1,-8.250730E-3
1.230107E1,-2.300552E-1,-2.492579E-2
1.233440E1,-2.071153E-1,-4.488894E-2
1.236774E1,-1.788204E-1,-6.646199E-2
1.240108E1,-1.392790E-1,-8.844587E-2
1.243441E1,-9.309610E-2,-1.078324E-1
1.246775E1,-4.201097E-2,-1.196375E-1
1.250108E1,1.061463E-2,-1.222387E-1
1.253442E1,6.147746E-2,-1.181867E-1
1.256776E1,1.113653E-1,-1.041314E-1
1.260109E1,1.497970E-1,-8.709105E-2
1.263443E1,1.840630E-1,-6.888343E-2
1.266777E1,2.114393E-1,-4.832448E-2
1.270110E1,2.510433E-1,-1.172634E-2
1.273444E1,2.544146E-1,-6.964726E-3
1.276777E1,2.622706E-1,2.200601E-3
1.280111E1,2.640748E-1,4.478108E-3
1.283445E1,2.601455E-1,-6.335764E-4
1.286778E1,2.494838E-1,-1.260625E-2
1.290112E1,2.327756E-1,-2.968394E-2
1.293446E1,2.084935E-1,-5.015090E-2
1.296779E1,1.752305E-1,-7.485463E-2
1.300113E1,1.353041E-1,-9.517445E-2
1.303446E1,8.811957E-2,-1.104783E-1
1.306780E1,3.812080E-2,-1.193489E-1
1.310114E1,-1.861922E-2,-1.209791E-1
1.313447E1,-6.796402E-2,-1.123208E-1
1.316781E1,-1.125615E-1,-9.909058E-2
1.320115E1,-1.554481E-1,-8.073503E-2
1.323448E1,-1.908993E-1,-5.880106E-2
1.326782E1,-2.179068E-1,-3.540759E-2
1.330115E1,-2.388994E-1,-1.446110E-2
1.333449E1,-2.514588E-1,-1.157705E-3
1.336783E1,-2.523769E-1,1.214387E-4
1.340116E1,-2.535629E-1,1.629864E-3
1.343450E1,-2.486905E-1,-3.780554E-3
1.346784E1,-2.382505E-1,-1.564223E-2
1.350117E1,-2.218052E-1,-3.132159E-2
1.353451E1,-1.982615E-1,-4.920482E-2
1.356784E1,-1.675689E-1,-7.129153E-2
1.360118E1,-1.266784E-1,-9.411247E-2
1.363452E1,-8.125241E-2,-1.096911E-1
1.366785E1,-3.283055E-2,-1.195088E-1
1.370119E1,2.511349E-2,-1.199376E-1
1.373453E1,6.840613E-2,-1.132852E-1
1.376786E1,1.158449E-1,-1.022071E-1
1.380120E1,1.525839E-1,-8.574995E-2
1.383453E1,1.862383E-1,-6.764691E-2
1.386787E1,2.115204E-1,-4.853991E-2
1.390121E1,2.379686E-1,-2.472499E-2
1.393454E1,2.510915E-1,-1.025676E-2
1.396788E1,2.577179E-1,-2.745541E-3
1.400121E1,2.585707E-1,-2.178164E-3
1.403455E1,2.526261E-1,-8.493045E-3
1.406789E1,2.409378E-1,-2.080371E-2
1.410122E1,2.237297E-1,-3.725547E-2
1.413456E1,1.985578E-1,-5.731359E-2
1.416790E1,1.627936E-1,-8.087222E-2
1.420123E1,1.188298E-1,-1.006877E-1
1.423457E1,8.150090E-2,-1.107694E-1
1.426790E1,2.479645E-2,-1.197305E-1
1.430124E1,-2.862253E-2,-1.219540E-1
1.433458E1,-7.621588E-2,-1.110481E-1
1.436791E1,-1.222775E-1,-9.691656E-2
1.440125E1,-1.618845E-1,-7.801451E-2
1.443459E1,-1.950771E-1,-5.615402E-2
1.446792E1,-2.199089E-1,-3.473386E-2
1.450126E1,-2.389574E-1,-1.500372E-2
1.453459E1,-2.500110E-1,-3.542530E-3
1.456793E1,-2.490034E-1,-2.335514E-3
1.460127E1,-2.487745E-1,-2.442131E-3
1.463460E1,-2.423216E-1,-9.150334E-3
1.466794E1,-2.303143E-1,-2.203324E-2
1.470128E1,-2.128288E-1,-3.893536E-2
1.473461E1,-1.897987E-1,-5.743366E-2
1.476795E1,-1.567295E-1,-7.893933E-2
1.480128E1,-1.122762E-1,-9.982255E-2
1.483462E1,-6.834197E-2,-1.128387E-1
1.486796E1,-2.447300E-2,-1.202264E-1
1.490129E1,2.556179E-2,-1.190275E-1
1.493463E1,8.291250E-2,-1.120247E-1
1.496797E1,1.221801E-1,-9.979877E-2
1.500130E1,1.587320E-1,-8.258760E-2
1.503464E1,1.975888E-1,-6.201998E-2
1.506797E1,2.206646E-1,-4.082778E-2
1.510131E1,2.379686E-1,-2.472499E-2
1.513465E1,2.478549E-1,-1.540417E-2
1.516798E1,2.561189E-1,-9.445079E-3
1.520132E1,2.519342E-1,-8.668994E-3
1.523466E1,2.461857E-1,-1.542757E-2
1.526799E1,2.273580E-1,-3.781207E-2
1.530133E1,2.075899E-1,-5.489240E-2
1.533466E1,1.834827E-1,-6.806096E-2
1.536800E1,1.478530E-1,-8.692490E-2
1.540134E1,1.016763E-1,-1.051168E-1
1.543467E1,6.064631E-2,-1.143938E-1
1.546801E1,2.016368E-2,-1.190357E-1
1.550135E1,-4.117639E-2,-1.196258E-1
1.553468E1,-8.625084E-2,-1.083693E-1
1.556802E1,-1.255206E-1,-9.460614E-2
1.560135E1,-1.611331E-1,-7.882711E-2
1.563469E1,-1.895927E-1,-5.974649E-2
1.566803E1,-2.121752E-1,-4.405892E-2
1.570136E1,-2.264765E-1,-2.955660E-2
1.573470E1,-2.438906E-1,-9.776573E-3
1.576803E1,-2.476661E-1,-5.087753E-3
1.580137E1,-2.457332E-1,-7.147936E-3
1.583471E1,-2.377971E-1,-1.604511E-2
1.586804E1,-2.235053E-1,-3.033792E-2
1.590138E1,-2.027963E-1,-4.836595E-2
1.593472E1,-1.687001E-1,-7.383285E-2
1.596805E1,-1.338015E-1,-9.249738E-2
1.600139E1,-9.288422E-2,-1.087736E-1
1.603472E1,-5.126159E-2,-1.147587E-1
1.606806E1,-2.349664E-4,-1.223908E-1
1.610140E1,4.813581E-2,-1.192085E-1
1.613473E1,9.392094E-2,-1.102192E-1
1.616807E1,1.333999E-1,-9.661521E-2
1.620141E1,1.671982E-1,-7.983282E-2
1.623474E1,1.953602E-1,-6.098237E-2
1.626808E1,2.160335E-1,-4.436787E-2
1.630141E1,2.404372E-1,-2.218614E-2
1.633475E1,2.495467E-1,-1.287625E-2
1.636809E1,2.523097E-1,-9.382852E-3
1.640142E1,2.489311E-1,-1.305777E-2
1.643476E1,2.396588E-1,-2.272837E-2
1.646810E1,2.237259E-1,-3.810108E-2
1.650143E1,2.009208E-1,-5.611096E-2
1.653477E1,1.694118E-1,-7.660570E-2
1.656810E1,1.330897E-1,-9.404343E-2
1.660144E1,8.942094E-2,-1.098089E-1
1.663478E1,4.032482E-2,-1.180712E-1
1.666811E1,3.107316E-3,-1.174923E-1
1.670145E1,-5.048450E-2,-1.165146E-1
1.673479E1,-1.027826E-1,-1.040416E-1
1.676812E1,-1.422011E-1,-8.773203E-2
1.680146E1,-1.772753E-1,-6.795174E-2
1.683479E1,-2.047289E-1,-4.726304E-2
1.686813E1,-2.248037E-1,-2.915984E-2
1.690147E1,-2.385865E-1,-1.500354E-2
1.693480E1,-2.453992E-1,-7.701186E-3
1.696814E1,-2.465756E-1,-5.992257E-3
1.700148E1,-2.428222E-1,-1.029733E-2
1.703481E1,-2.320958E-1,-2.128019E-2
1.706815E1,-2.146697E-1,-3.711934E-2
1.710148E1,-1.915587E-1,-5.684813E-2
1.713482E1,-1.607467E-1,-7.675617E-2
1.716816E1,-1.241034E-1,-9.466386E-2
1.720149E1,-7.534731E-2,-1.116705E-1
1.723483E1,-3.033849E-2,-1.186391E-1
1.726817E1,2.501130E-2,-1.191212E-1
1.730150E1,7.035389E-2,-1.133618E-1
1.733484E1,1.132786E-1,-1.029103E-1
1.736817E1,1.530146E-1,-8.619362E-2
1.740151E1,1.880375E-1,-6.610734E-2
1.743485E1,2.144086E-1,-4.639774E-2
1.746818E1,2.338950E-1,-2.845906E-2
1.750152E1,2.467374E-1,-1.514841E-2
1.753485E1,2.544769E-1,-9.980627E-3
1.756819E1,2.546168E-1,-9.640064E-3
1.760153E1,2.480310E-1,-1.523601E-2
1.763486E1,2.349557E-1,-2.851988E-2
1.766820E1,2.154615E-1,-4.533877E-2
1.770154E1,1.890681E-1,-6.539502E-2
1.773487E1,1.552229E-1,-8.423111E-2
1.776821E1,1.158090E-1,-1.016385E-1
1.780154E1,6.753708E-2,-1.143171E-1
1.783488E1,2.489238E-2,-1.192009E-1
1.786822E1,-2.865762E-2,-1.194503E-1
1.790155E1,-7.656003E-2,-1.096962E-1
1.793489E1,-1.174841E-1,-9.703380E-2
1.796823E1,-1.560432E-1,-8.008009E-2
1.800156E1,-1.873704E-1,-6.057081E-2
1.803490E1,-2.111042E-1,-4.150454E-2
1.806823E1,-2.285030E-1,-2.594426E-2
1.810157E1,-2.391685E-1,-1.453635E-2
1.813491E1,-2.432333E-1,-1.006791E-2
1.816824E1,-2.420445E-1,-1.122729E-2
1.820158E1,-2.352547E-1,-1.886814E-2
1.823492E1,-2.218242E-1,-3.212528E-2
1.826825E1,-2.017524E-1,-4.926835E-2
1.830159E1,-1.749950E-1,-6.858648E-2
1.833492E1,-1.413408E-1,-8.680989E-2
1.836826E1,-9.739206E-2,-1.053909E-1
1.840160E1,-5.705688E-2,-1.181789E-1
1.843493E1,-1.022658E-2,-1.242004E-1
1.846827E1,4.229372E-2,-1.192904E-1
1.850161E1,8.464690E-2,-1.117134E-1
1.853494E1,1.247461E-1,-9.846922E-2
1.856828E1,1.587086E-1,-8.337888E-2
1.860161E1,1.866513E-1,-6.644850E-2
1.863495E1,2.073688E-1,-5.046332E-2
1.866829E1,2.219168E-1,-3.742508E-2
1.870162E1,2.387798E-1,-2.304412E-2
1.873496E1,2.425932E-1,-1.978567E-2
1.876830E1,2.398322E-1,-2.305749E-2
1.880163E1,2.309230E-1,-3.161686E-2
1.883497E1,2.163575E-1,-4.455675E-2
1.886830E1,1.944072E-1,-6.025653E-2
1.890164E1,1.619356E-1,-7.921475E-2
1.893498E1,1.287980E-1,-9.720901E-2
1.896831E1,8.561020E-2,-1.128399E-1
1.900165E1,4.062456E-2,-1.193138E-1
1.903499E1,-8.374837E-3,-1.212102E-1
1.906832E1,-5.703348E-2,-1.198481E-1
1.910166E1,-9.897329E-2,-1.054106E-1
1.913499E1,-1.375864E-1,-9.009164E-2
1.916833E1,-1.655490E-1,-7.372622E-2
1.920167E1,-1.921641E-1,-5.721940E-2
1.923500E1,-2.110738E-1,-4.175816E-2
1.926834E1,-2.256438E-1,-2.889193E-2
1.930167E1,-2.331415E-1,-2.173327E-2
1.933501E1,-2.345144E-1,-2.032184E-2
1.936835E1,-2.297498E-1,-2.471422E-2
1.940168E1,-2.192164E-1,-3.441288E-2
1.943502E1,-2.033551E-1,-4.768052E-2
1.946836E1,-1.804413E-1,-6.399089E-2
1.950169E1,-1.501871E-1,-8.442505E-2
1.953503E1,-1.157118E-1,-1.023062E-1
1.956836E1,-7.384216E-2,-1.117362E-1
1.960170E1,-2.778794E-2,-1.219423E-1
1.963504E1,2.060624E-2,-1.204292E-1
1.966837E1,6.309983E-2,-1.148250E-1
1.970171E1,1.063812E-1,-1.058707E-1
1.973505E1,1.478530E-1,-8.692490E-2
1.976838E1,1.781022E-1,-7.283152E-2
1.980172E1,2.031769E-1,-5.619075E-2
1.983505E1,2.229488E-1,-4.090519E-2
1.986839E1,2.347873E-1,-3.015890E-2
1.990173E1,2.400262E-1,-2.391182E-2
1.993506E1,2.398843E-1,-2.391266E-2
1.996840E1,2.337015E-1,-3.029656E-2
2.000174E1,2.205603E-1,-4.165524E-2
2.003507E1,2.015112E-1,-5.610263E-2
2.006841E1,1.755380E-1,-7.248043E-2
2.010174E1,1.395657E-1,-9.121482E-2
2.013508E1,1.038892E-1,-1.067404E-1
2.016842E1,6.316650E-2,-1.138938E-1
2.020175E1,1.746221E-2,-1.180431E-1
2.023509E1,-3.240462E-2,-1.171013E-1
2.026843E1,-7.731266E-2,-1.087121E-1
2.030176E1,-1.176611E-1,-9.605593E-2
2.033510E1,-1.539654E-1,-7.906919E-2
2.036843E1,-1.834305E-1,-6.066289E-2
2.040177E1,-2.057681E-1,-4.343845E-2
2.043511E1,-2.212848E-1,-2.937517E-2
2.046844E1,-2.327117E-1,-2.061780E-2
2.050178E1,-2.367889E-1,-1.654047E-2
2.053512E1,-2.346512E-1,-1.811188E-2
2.056845E1,-2.263221E-1,-2.605829E-2
2.060179E1,-2.125596E-1,-3.927515E-2
2.063512E1,-1.925703E-1,-5.574180E-2
2.066846E1,-1.653706E-1,-7.348853E-2
2.070180E1,-1.321006E-1,-9.125618E-2
2.073513E1,-9.304713E-2,-1.058889E-1
2.076847E1,-4.787646E-2,-1.180502E-1
2.080180E1,3.843875E-3,-1.186434E-1
2.083514E1,4.924682E-2,-1.193839E-1
2.086848E1,9.081926E-2,-1.126248E-1
2.090181E1,1.295966E-1,-9.983481E-2
2.093515E1,1.596620E-1,-8.569527E-2
2.096849E1,1.854665E-1,-6.960635E-2
2.100182E1,2.046023E-1,-5.508068E-2
2.103516E1,2.185273E-1,-4.475978E-2
2.106849E1,2.346771E-1,-2.811012E-2
2.110183E1,2.365707E-1,-2.585125E-2
2.113517E1,2.327560E-1,-2.985823E-2
2.116850E1,2.227119E-1,-3.934786E-2
2.120184E1,2.060325E-1,-5.291674E-2
2.123518E1,1.828334E-1,-6.852151E-2
2.126851E1,1.445381E-1,-8.864087E-2
2.130185E1,1.085051E-1,-1.030061E-1
2.133518E1,6.737230E-2,-1.133138E-1
2.136852E1,2.465233E-2,-1.199930E-1
2.140186E1,-2.247397E-2,-1.184307E-1
2.143519E1,-6.752911E-2,-1.167769E-1
2.146853E1,-1.051268E-1,-1.052324E-1
2.150187E1,-1.421868E-1,-9.003583E-2
2.153520E1,-1.733411E-1,-7.217687E-2
2.156854E1,-1.978254E-1,-5.436522E-2
2.160187E1,-2.156706E-1,-3.912781E-2
2.163521E1,-2.274861E-1,-2.770559E-2
2.166855E1,-2.332658E-1,-2.199306E-2
2.170188E1,-2.332454E-1,-2.173828E-2
2.173522E1,-2.278224E-1,-2.729788E-2
2.176856E1,-2.157878E-1,-3.849319E-2
2.180189E1,-1.980840E-1,-5.335264E-2
2.183523E1,-1.735338E-1,-7.095128E-2
2.186856E1,-1.428115E-1,-8.802217E-2
2.190190E1,-1.062081E-1,-1.032175E-1
2.193524E1,-6.446924E-2,-1.117370E-1
2.196857E1,-1.525748E-2,-1.226014E-1
2.200191E1,2.554347E-2,-1.179259E-1
2.203525E1,6.847284E-2,-1.127655E-1
2.206858E1,1.081366E-1,-1.022402E-1
2.210192E1,1.428387E-1,-8.873151E-2
2.213525E1,1.714684E-1,-7.451555E-2
2.216859E1,1.925652E-1,-5.945753E-2
2.220193E1,2.090762E-1,-4.909195E-2
2.223526E1,2.280940E-1,-3.488039E-2
2.226860E1,2.320741E-1,-3.096591E-2
2.230194E1,2.297980E-1,-3.302511E-2
2.233527E1,2.216704E-1,-4.041308E-2
2.236861E1,2.074220E-1,-5.149953E-2
2.240194E1,1.873273E-1,-6.641521E-2
2.243528E1,1.595875E-1,-8.176537E-2
2.246862E1,1.238139E-1,-9.894837E-2
2.250195E1,8.545984E-2,-1.101927E-1
2.253529E1,4.375040E-2,-1.177457E-1
2.256862E1,3.338671E-3,-1.180429E-1
2.260196E1,-4.307881E-2,-1.171047E-1
2.263530E1,-8.747132E-2,-1.091411E-1
2.266863E1,-1.267679E-1,-9.535664E-2
2.270197E1,-1.603191E-1,-7.817062E-2
2.273531E1,-1.866547E-1,-6.112188E-2
2.276864E1,-2.064858E-1,-4.590222E-2
2.280198E1,-2.199150E-1,-3.414692E-2
2.283531E1,-2.273000E-1,-2.681850E-2
2.286865E1,-2.287899E-1,-2.544597E-2
2.290199E1,-2.247216E-1,-2.964784E-2
2.293532E1,-2.149359E-1,-3.881501E-2
2.296866E1,-1.984596E-1,-5.205337E-2
2.300200E1,-1.758423E-1,-6.846587E-2
2.303533E1,-1.466369E-1,-8.507835E-2
2.306867E1,-1.117895E-1,-9.965874E-2
2.310200E1,-7.269899E-2,-1.116083E-1
2.313534E1,-2.863423E-2,-1.211195E-1
2.316868E1,2.464109E-2,-1.191193E-1
2.320201E1,6.283558E-2,-1.139094E-1
2.323535E1,1.009866E-1,-1.070778E-1
2.326869E1,1.344167E-1,-9.462355E-2
2.330202E1,1.633510E-1,-8.015551E-2
2.333536E1,1.867598E-1,-6.655798E-2
2.336869E1,2.039498E-1,-5.476630E-2
2.340203E1,2.231333E-1,-3.828893E-2
2.343537E1,2.285582E-1,-3.321728E-2
2.346870E1,2.282692E-1,-3.398920E-2
2.350204E1,2.218064E-1,-3.984285E-2
2.353538E1,2.088837E-1,-5.019845E-2
2.356871E1,1.898733E-1,-6.387344E-2
2.360205E1,1.647131E-1,-7.916321E-2
2.363538E1,1.330723E-1,-9.415284E-2
2.366872E1,9.557841E-2,-1.093612E-1
2.370206E1,5.139738E-2,-1.174100E-1
2.373539E1,4.749139E-3,-1.206515E-1
2.376873E1,-3.738568E-2,-1.167099E-1
2.380207E1,-7.537892E-2,-1.104937E-1
2.383540E1,-1.157095E-1,-9.805961E-2
2.386874E1,-1.499408E-1,-8.238271E-2
2.390207E1,-1.783133E-1,-6.674692E-2
2.393541E1,-1.993466E-1,-5.188244E-2
2.396875E1,-2.138713E-1,-3.957989E-2
2.400208E1,-2.226832E-1,-3.149611E-2
2.403542E1,-2.258272E-1,-2.848744E-2
2.406876E1,-2.231117E-1,-3.112396E-2
2.410209E1,-2.145068E-1,-3.904478E-2
2.413543E1,-1.998091E-1,-5.116549E-2
2.416876E1,-1.788360E-1,-6.617302E-2
2.420210E1,-1.512581E-1,-8.176744E-2
2.423544E1,-1.183697E-1,-9.715996E-2
2.426877E1,-8.015518E-2,-1.089473E-1
2.430211E1,-3.972105E-2,-1.167088E-1
2.433544E1,4.196524E-3,-1.175790E-1
2.436878E1,4.711032E-2,-1.178155E-1
2.440212E1,8.867933E-2,-1.075912E-1
2.443545E1,1.246313E-1,-9.626588E-2
2.446879E1,1.540710E-1,-8.337179E-2
2.450213E1,1.783646E-1,-6.978271E-2
2.453546E1,1.960661E-1,-5.772311E-2
2.456880E1,2.086666E-1,-4.953592E-2
2.460213E1,2.239562E-1,-3.744265E-2
2.463547E1,2.247332E-1,-3.675096E-2
2.466881E1,2.195492E-1,-4.163561E-2
2.470214E1,2.079824E-1,-5.080223E-2
2.473548E1,1.907925E-1,-6.302848E-2
2.476882E1,1.670920E-1,-7.751741E-2
2.480215E1,1.371255E-1,-9.236573E-2
2.483549E1,1.014088E-1,-1.084447E-1
2.486882E1,5.648165E-2,-1.190915E-1
2.490216E1,1.595376E-2,-1.185771E-1
2.493550E1,-2.932501E-2,-1.177568E-1
2.496883E1,-6.724355E-2,-1.167064E-1
2.500217E1,-1.074260E-1,-1.043375E-1
2.503551E1,-1.424787E-1,-8.931920E-2
2.506884E1,-1.714135E-1,-7.275388E-2
2.510218E1,-1.935407E-1,-5.726847E-2
2.513551E1,-2.089887E-1,-4.497646E-2
2.516885E1,-2.185327E-1,-3.599535E-2
2.520219E1,-2.226602E-1,-3.216193E-2
2.523552E1,-2.213084E-1,-3.350934E-2
2.526886E1,-2.139557E-1,-4.028354E-2
2.530220E1,-2.005335E-1,-5.174526E-2
2.533553E1,-1.810346E-1,-6.614773E-2
2.536887E1,-1.552528E-1,-8.176886E-2
2.540220E1,-1.233669E-1,-9.574044E-2
2.543554E1,-8.645244E-2,-1.093856E-1
2.546888E1,-4.749312E-2,-1.168415E-1
2.550221E1,3.696639E-3,-1.178484E-1
2.553555E1,3.867741E-2,-1.181285E-1
2.556889E1,8.223936E-2,-1.082156E-1
2.560222E1,1.173768E-1,-9.720064E-2
2.563556E1,1.462558E-1,-8.530462E-2
2.566889E1,1.707340E-1,-7.207312E-2
2.570223E1,1.888848E-1,-5.956965E-2
2.573557E1,2.140465E-1,-4.509430E-2
2.576890E1,2.219447E-1,-3.862083E-2
2.580224E1,2.233641E-1,-3.727524E-2
2.583558E1,2.192015E-1,-4.100620E-2
2.586891E1,2.087378E-1,-4.923030E-2
2.590225E1,1.918477E-1,-6.224265E-2
2.593558E1,1.691934E-1,-7.688976E-2
2.596892E1,1.402455E-1,-9.140986E-2
2.600226E1,1.058416E-1,-1.045338E-1
2.603559E1,6.710337E-2,-1.157772E-1
2.606893E1,2.551798E-2,-1.191984E-1
2.610226E1,-2.065963E-2,-1.179122E-1
2.613560E1,-6.100190E-2,-1.158101E-1
2.616894E1,-9.761698E-2,-1.036028E-1
2.620227E1,-1.317723E-1,-9.221038E-2
2.623561E1,-1.608284E-1,-7.804602E-2
2.626895E1,-1.841612E-1,-6.332241E-2
2.630228E1,-2.009685E-1,-5.042382E-2
2.633562E1,-2.116223E-1,-4.144075E-2
2.636895E1,-2.158567E-1,-3.785257E-2
2.640229E1,-2.148478E-1,-3.857091E-2
2.643563E1,-2.081683E-1,-4.418406E-2
2.646896E1,-1.954289E-1,-5.431068E-2
2.650230E1,-1.764424E-1,-6.725858E-2
2.653564E1,-1.520403E-1,-8.194309E-2
2.656897E1,-1.218258E-1,-9.610316E-2
2.660231E1,-8.624631E-2,-1.078890E-1
2.663564E1,-4.713757E-2,-1.162664E-1
2.666898E1,-2.466662E-4,-1.215562E-1
2.670232E1,3.707412E-2,-1.178786E-1
2.673565E1,7.721640E-2,-1.122524E-1
2.676899E1,1.156166E-1,-1.009067E-1
2.680233E1,1.492511E-1,-8.774131E-2
2.683566E1,1.765307E-1,-7.225516E-2
2.686900E1,1.974328E-1,-5.859612E-2
2.690233E1,2.118845E-1,-4.705344E-2
2.693567E1,2.202220E-1,-4.035357E-2
2.696901E1,2.218242E-1,-3.863626E-2
2.700234E1,2.185097E-1,-4.196680E-2
2.703568E1,2.085420E-1,-4.983660E-2
2.706902E1,1.924572E-1,-6.185456E-2
2.710235E1,1.699481E-1,-7.634057E-2
2.713569E1,1.419066E-1,-9.059284E-2
2.716902E1,1.085746E-1,-1.035555E-1
2.720236E1,7.164908E-2,-1.142079E-1
2.723570E1,2.979092E-2,-1.185758E-1
2.726903E1,-1.832978E-2,-1.180524E-1
2.730237E1,-5.339998E-2,-1.169547E-1
2.733571E1,-9.112871E-2,-1.043545E-1
2.736904E1,-1.256202E-1,-9.087039E-2
2.740238E1,-1.524605E-1,-7.710963E-2
2.743571E1,-1.734462E-1,-6.467006E-2
2.746905E1,-1.889591E-1,-5.397619E-2
2.750239E1,-1.985011E-1,-4.678444E-2
2.753572E1,-2.023299E-1,-4.367597E-2
2.756906E1,-2.012202E-1,-4.529586E-2
2.760240E1,-1.939065E-1,-5.121769E-2
2.763573E1,-1.810870E-1,-6.102187E-2
2.766907E1,-1.623635E-1,-7.331901E-2
2.770240E1,-1.377661E-1,-8.685812E-2
2.773574E1,-1.070507E-1,-1.000008E-1
2.776908E1,-7.182424E-2,-1.107907E-1
2.780241E1,-3.269806E-2,-1.190759E-1
2.783575E1,8.577755E-3,-1.203435E-1
2.786908E1,4.968411E-2,-1.196763E-1
2.790242E1,8.858661E-2,-1.115473E-1
2.793576E1,1.240409E-1,-9.989438E-2
2.796909E1,1.546639E-1,-8.617610E-2
2.800243E1,1.782196E-1,-7.325113E-2
2.803577E1,1.968313E-1,-6.050545E-2
2.806910E1,2.093941E-1,-5.111698E-2
2.810244E1,2.163054E-1,-4.528417E-2
2.813577E1,2.173460E-1,-4.396900E-2
2.816911E1,2.128897E-1,-4.723484E-2
2.820245E1,2.025504E-1,-5.539855E-2
2.823578E1,1.863371E-1,-6.677742E-2
2.826912E1,1.640662E-1,-8.020072E-2
2.830246E1,1.354202E-1,-9.408659E-2
2.833579E1,1.015709E-1,-1.065690E-1
2.836913E1,6.350905E-2,-1.162298E-1
2.840246E1,2.296811E-2,-1.210436E-1
2.843580E1,-1.938514E-2,-1.211789E-1
2.846914E1,-5.837564E-2,-1.155263E-1
2.850247E1,-9.493771E-2,-1.063711E-1
2.853581E1,-1.290571E-1,-9.303755E-2
2.856915E1,-1.557237E-1,-7.950207E-2
2.860248E1,-1.772038E-1,-6.620096E-2
2.863582E1,-1.927072E-1,-5.540751E-2
2.866915E1,-2.024488E-1,-4.761748E-2
2.870249E1,-2.066018E-1,-4.418543E-2
2.873583E1,-2.052197E-1,-4.551701E-2
2.876916E1,-1.983885E-1,-5.130131E-2
2.880250E1,-1.856232E-1,-6.098716E-2
2.883584E1,-1.671740E-1,-7.353704E-2
2.886917E1,-1.424411E-1,-8.717001E-2
2.890251E1,-1.120891E-1,-1.006310E-1
2.893584E1,-7.727659E-2,-1.119023E-1
2.896918E1,-3.810385E-2,-1.192538E-1
2.900252E1,2.482244E-3,-1.219743E-1
2.903585E1,4.396442E-2,-1.196343E-1
2.906919E1,8.089374E-2,-1.130337E-1
2.910253E1,1.168663E-1,-1.019600E-1
2.913586E1,1.474334E-1,-8.946008E-2
2.916920E1,1.722710E-1,-7.627356E-2
2.920253E1,1.912350E-1,-6.389726E-2
2.923587E1,2.042553E-1,-5.452986E-2
2.926921E1,2.113837E-1,-4.884591E-2
2.930254E1,2.133537E-1,-4.746920E-2
2.933588E1,2.088468E-1,-5.073941E-2
2.936922E1,1.987627E-1,-5.848481E-2
2.940255E1,1.827900E-1,-6.940046E-2
2.943589E1,1.606886E-1,-8.185162E-2
2.946922E1,1.330281E-1,-9.533909E-2
2.950256E1,1.000557E-1,-1.077069E-1
2.953590E1,6.273588E-2,-1.165632E-1
2.956923E1,2.264127E-2,-1.216049E-1
2.960257E1,-1.843591E-2,-1.212913E-1
2.963590E1,-5.970800E-2,-1.154111E-1
2.966924E1,-9.557902E-2,-1.061263E-1
2.970258E1,-1.273340E-1,-9.374458E-2
2.973591E1,-1.538610E-1,-8.062031E-2
2.976925E1,-1.748072E-1,-6.790941E-2
2.980259E1,-1.905137E-1,-5.714376E-2
2.983592E1,-1.998031E-1,-4.963121E-2
2.986926E1,-2.040673E-1,-4.630357E-2
2.990259E1,-2.028803E-1,-4.763715E-2
2.993593E1,-1.961148E-1,-5.309457E-2
2.996927E1,-1.836742E-1,-6.239309E-2
3.000260E1,-1.655549E-1,-7.460628E-2
3.003594E1,-1.414306E-1,-8.782738E-2
3.006928E1,-1.114927E-1,-1.007523E-1
3.010261E1,-7.739391E-2,-1.118180E-1
3.013595E1,-3.944951E-2,-1.192565E-1
3.016928E1,3.196434E-4,-1.220147E-1
3.020262E1,4.361574E-2,-1.197119E-1
3.023596E1,8.183171E-2,-1.128684E-1
3.026929E1,1.160964E-1,-1.027288E-1
3.030263E1,1.458162E-1,-9.007575E-2
3.033597E1,1.702152E-1,-7.730620E-2
3.036930E1,1.890967E-1,-6.542338E-2
3.040264E1,2.020809E-1,-5.607145E-2
3.043597E1,2.091101E-1,-5.049711E-2
3.046931E1,2.102997E-1,-4.917758E-2
3.050265E1,2.061692E-1,-5.278417E-2
3.053598E1,1.960334E-1,-6.005647E-2
3.056932E1,1.800299E-1,-7.062993E-2
3.060266E1,1.581989E-1,-8.316195E-2
3.063599E1,1.311787E-1,-9.627232E-2
3.066933E1,9.853326E-2,-1.079970E-1
3.070266E1,6.143165E-2,-1.171045E-1
3.073600E1,2.205836E-2,-1.216598E-1
3.076934E1,-1.819580E-2,-1.213722E-1
3.080267E1,-5.653352E-2,-1.164432E-1
3.083601E1,-9.213336E-2,-1.074749E-1
3.086935E1,-1.254584E-1,-9.504479E-2
3.090268E1,-1.513880E-1,-8.225382E-2
3.093602E1,-1.727601E-1,-7.007289E-2
3.096935E1,-1.876791E-1,-5.962673E-2
3.100269E1,-1.971213E-1,-5.220972E-2
3.103603E1,-2.010372E-1,-4.903594E-2
3.106936E1,-1.996347E-1,-5.014192E-2
3.110270E1,-1.928598E-1,-5.562731E-2
3.113604E1,-1.802795E-1,-6.479471E-2
3.116937E1,-1.621713E-1,-7.642339E-2
3.120271E1,-1.383059E-1,-8.931680E-2
3.123604E1,-1.087103E-1,-1.018782E-1
3.126938E1,-7.491798E-2,-1.123421E-1
3.130272E1,-3.737206E-2,-1.192783E-1
3.133605E1,8.747454E-4,-1.217057E-1
3.136939E1,4.398557E-2,-1.194381E-1
3.140272E1,8.169109E-2,-1.126431E-1
3.143606E1,1.144230E-1,-1.026865E-1
3.146940E1,1.442936E-1,-9.045541E-2
3.150273E1,1.682503E-1,-7.824891E-2
3.153607E1,1.867881E-1,-6.683253E-2
3.156941E1,1.993728E-1,-5.788874E-2
3.160274E1,2.062926E-1,-5.289786E-2
3.163608E1,2.075377E-1,-5.178619E-2
3.166941E1,2.032834E-1,-5.540969E-2
3.170275E1,1.930437E-1,-6.257116E-2
3.173609E1,1.771178E-1,-7.270078E-2
3.176942E1,1.552958E-1,-8.487433E-2
3.180276E1,1.278740E-1,-9.766638E-2
3.183610E1,9.510895E-2,-1.090833E-1
3.186943E1,5.874989E-2,-1.175117E-1
3.190277E1,2.000668E-2,-1.216613E-1
3.193610E1,-1.999470E-2,-1.212176E-1
3.196944E1,-5.723123E-2,-1.163844E-1
3.200278E1,-9.176825E-2,-1.075198E-1
3.203611E1,-1.223230E-1,-9.628654E-2
3.206945E1,-1.477313E-1,-8.431145E-2
3.210279E1,-1.673857E-1,-7.310698E-2
3.213612E1,-1.841712E-1,-6.201255E-2
3.216946E1,-1.936966E-1,-5.519455E-2
3.220279E1,-1.975248E-1,-5.230258E-2
3.223613E1,-1.959463E-1,-5.350714E-2
3.226947E1,-1.886063E-1,-5.896716E-2
3.230280E1,-1.758771E-1,-6.795117E-2
3.233614E1,-1.571504E-1,-7.950063E-2
3.236948E1,-1.329335E-1,-9.181572E-2
3.240281E1,-1.032323E-1,-1.039742E-1
3.243615E1,-6.870411E-2,-1.138236E-1
3.246948E1,-3.171853E-2,-1.200999E-1
3.250282E1,7.577016E-3,-1.221670E-1
3.253616E1,4.373112E-2,-1.195738E-1
3.256949E1,8.081631E-2,-1.131721E-1
3.260283E1,1.144263E-1,-1.031053E-1
3.263617E1,1.433939E-1,-9.113194E-2
3.266950E1,1.670332E-1,-7.903223E-2
3.270284E1,1.848745E-1,-6.814018E-2
3.273617E1,1.970153E-1,-5.957951E-2
3.276951E1,2.034915E-1,-5.516616E-2
3.280285E1,2.042252E-1,-5.457732E-2
3.283618E1,1.992308E-1,-5.820769E-2
3.286952E1,1.885601E-1,-6.562023E-2
3.290285E1,1.721511E-1,-7.576900E-2
3.293619E1,1.503397E-1,-8.734962E-2
3.296953E1,1.226365E-1,-9.957059E-2
3.300286E1,9.021877E-2,-1.102836E-1
3.303620E1,5.433369E-2,-1.179697E-1
3.306954E1,1.554115E-2,-1.217485E-1
3.310287E1,-2.284632E-2,-1.211403E-1
3.313621E1,-5.958995E-2,-1.156455E-1
3.316954E1,-9.379916E-2,-1.071253E-1
3.320288E1,-1.231772E-1,-9.614543E-2
3.323622E1,-1.501950E-1,-8.323622E-2
3.326955E1,-1.695423E-1,-7.178436E-2
3.330289E1,-1.837417E-1,-6.236608E-2
3.333623E1,-1.922388E-1,-5.604820E-2
3.336956E1,-1.952400E-1,-5.348354E-2
3.340290E1,-1.930869E-1,-5.516835E-2
3.343623E1,-1.853101E-1,-6.130735E-2
3.346957E1,-1.723136E-1,-7.017572E-2
3.350291E1,-1.531799E-1,-8.180868E-2
3.353624E1,-1.285891E-1,-9.403937E-2
3.356958E1,-9.945144E-2,-1.055632E-1
3.360292E1,-6.507773E-2,-1.151087E-1
3.363625E1,-2.912827E-2,-1.207134E-1
3.366959E1,1.100705E-2,-1.220707E-1
3.370292E1,4.989874E-2,-1.189481E-1
3.373626E1,8.398921E-2,-1.120743E-1
3.376960E1,1.164240E-1,-1.020529E-1
3.380293E1,1.445425E-1,-9.056709E-2
3.383627E1,1.670780E-1,-7.900884E-2
3.386961E1,1.840412E-1,-6.842271E-2
3.390294E1,1.955673E-1,-6.072500E-2
3.393628E1,2.012417E-1,-5.664468E-2
3.396961E1,2.010970E-1,-5.663722E-2
3.400295E1,1.955723E-1,-6.037529E-2
3.403629E1,1.844621E-1,-6.811173E-2
3.406962E1,1.680295E-1,-7.840856E-2
3.410296E1,1.456632E-1,-8.983876E-2
3.413630E1,1.178698E-1,-1.013015E-1
3.416963E1,8.560082E-2,-1.122332E-1
3.420297E1,4.948030E-2,-1.188479E-1
3.423630E1,1.110359E-2,-1.221765E-1
3.426964E1,-2.671866E-2,-1.205508E-1
3.430298E1,-6.287593E-2,-1.148747E-1
3.433631E1,-9.575137E-2,-1.063903E-1
3.436965E1,-1.269843E-1,-9.462718E-2
3.440299E1,-1.508152E-1,-8.302396E-2
3.443632E1,-1.700266E-1,-7.168068E-2
3.446966E1,-1.829910E-1,-6.298201E-2
3.450299E1,-1.906612E-1,-5.739620E-2
3.453633E1,-1.931352E-1,-5.539688E-2
3.456967E1,-1.904806E-1,-5.774426E-2
3.460300E1,-1.819570E-1,-6.416286E-2
3.463634E1,-1.680540E-1,-7.306137E-2
3.466967E1,-1.483674E-1,-8.432005E-2
3.470301E1,-1.234273E-1,-9.622285E-2
3.473635E1,-9.353854E-2,-1.073709E-1
3.476968E1,-6.016968E-2,-1.156718E-1
3.480302E1,-2.317022E-2,-1.211329E-1
3.483636E1,1.622509E-2,-1.221446E-1
3.486969E1,5.330154E-2,-1.187115E-1
3.490303E1,8.811426E-2,-1.115550E-1
3.493636E1,1.197066E-1,-1.009604E-1
3.496970E1,1.459985E-1,-9.000879E-2
3.500304E1,1.675083E-1,-7.890592E-2
3.503637E1,1.835713E-1,-6.920587E-2
3.506971E1,1.940321E-1,-6.165313E-2
3.510305E1,1.988860E-1,-5.835894E-2
3.513638E1,1.982270E-1,-5.891639E-2
3.516972E1,1.918784E-1,-6.341183E-2
3.520305E1,1.799214E-1,-7.091287E-2
3.523639E1,1.626319E-1,-8.135544E-2
3.526973E1,1.397674E-1,-9.276444E-2
3.530306E1,1.116981E-1,-1.036291E-1
3.533640E1,7.864224E-2,-1.134218E-1
3.536974E1,4.300134E-2,-1.193113E-1
3.540307E1,5.065357E-3,-1.214698E-1
3.543641E1,-3.193717E-2,-1.199079E-1
3.546974E1,-6.715785E-2,-1.137835E-1
3.550308E1,-9.910316E-2,-1.050702E-1
3.553642E1,-1.290280E-1,-9.334022E-2
3.556975E1,-1.517811E-1,-8.191049E-2
3.560309E1,-1.692827E-1,-7.174025E-2
3.563643E1,-1.815124E-1,-6.372724E-2
3.566976E1,-1.885188E-1,-5.860225E-2
3.570310E1,-1.899111E-1,-5.729482E-2
3.573643E1,-1.860402E-1,-6.046958E-2
3.576977E1,-1.770820E-1,-6.673126E-2
3.580311E1,-1.623210E-1,-7.605607E-2
3.583644E1,-1.423633E-1,-8.703778E-2
3.586978E1,-1.169741E-1,-9.881369E-2
3.590312E1,-8.649048E-2,-1.093743E-1
3.593645E1,-5.314947E-2,-1.171037E-1
3.596979E1,-1.753136E-2,-1.214777E-1
3.600312E1,2.222120E-2,-1.216317E-1
3.603646E1,5.807260E-2,-1.177016E-1
3.606980E1,9.309880E-2,-1.094995E-1
3.610313E1,1.228766E-1,-9.960090E-2
3.613647E1,1.481823E-1,-8.869414E-2
3.616981E1,1.687538E-1,-7.793742E-2
3.620314E1,1.837995E-1,-6.886204E-2
3.623648E1,1.931827E-1,-6.243867E-2
3.626981E1,1.970603E-1,-5.970089E-2
3.630315E1,1.955792E-1,-6.111409E-2
3.633649E1,1.880708E-1,-6.602925E-2
3.636982E1,1.751708E-1,-7.422564E-2
3.640316E1,1.570250E-1,-8.430887E-2
3.643649E1,1.334647E-1,-9.535494E-2
3.646983E1,1.047083E-1,-1.062745E-1
3.650317E1,7.182029E-2,-1.149108E-1
3.653650E1,3.625016E-2,-1.203548E-1
3.656984E1,-1.230313E-3,-1.215688E-1
3.660318E1,-3.728610E-2,-1.190768E-1
3.663651E1,-7.148011E-2,-1.128386E-1
3.666985E1,-1.024234E-1,-1.037374E-1
3.670318E1,-1.315281E-1,-9.184718E-2
3.673652E1,-1.533955E-1,-8.105957E-2
3.676986E1,-1.700111E-1,-7.120048E-2
3.680319E1,-1.809418E-1,-6.342956E-2
3.683653E1,-1.868694E-1,-5.945273E-2
3.686987E1,-1.874616E-1,-5.918561E-2
3.690320E1,-1.828843E-1,-6.291950E-2
3.693654E1,-1.727482E-1,-6.972894E-2
3.696987E1,-1.570254E-1,-7.902263E-2
3.700321E1,-1.361319E-1,-9.018516E-2
3.703655E1,-1.101796E-1,-1.013404E-1
3.706988E1,-7.959128E-2,-1.112150E-1
3.710322E1,-4.576902E-2,-1.182093E-1
3.713656E1,-9.514546E-3,-1.219917E-1
3.716989E1,2.871386E-2,-1.211961E-1
3.720323E1,6.469772E-2,-1.164576E-1
3.723656E1,9.753870E-2,-1.082471E-1
3.726990E1,1.267994E-1,-9.839181E-2
3.730324E1,1.507771E-1,-8.761121E-2
3.733657E1,1.700117E-1,-7.736549E-2
3.736991E1,1.837285E-1,-6.886069E-2
3.740325E1,1.919672E-1,-6.323541E-2
3.743658E1,1.946403E-1,-6.145722E-2
3.746992E1,1.918629E-1,-6.326383E-2
3.750325E1,1.835793E-1,-6.845281E-2
3.753659E1,1.716595E-1,-7.586347E-2
3.756993E1,1.529294E-1,-8.615191E-2
3.760326E1,1.285270E-1,-9.747726E-2
3.763660E1,1.027948E-1,-1.062292E-1
3.766994E1,7.079775E-2,-1.149388E-1
3.770327E1,3.537037E-2,-1.184923E-1
3.773661E1,-2.311572E-3,-1.196543E-1
3.776994E1,-3.627089E-2,-1.175885E-1
3.780328E1,-7.086468E-2,-1.114331E-1
3.783662E1,-1.021917E-1,-1.039965E-1
3.786995E1,-1.279521E-1,-9.345545E-2
3.790329E1,-1.484549E-1,-8.365340E-2
3.793663E1,-1.640980E-1,-7.535498E-2
3.796996E1,-1.741251E-1,-6.859563E-2
3.800330E1,-1.797154E-1,-6.503706E-2
3.803663E1,-1.804372E-1,-6.496481E-2
3.806997E1,-1.762470E-1,-6.781018E-2
3.810331E1,-1.677173E-1,-7.290341E-2
3.813664E1,-1.537937E-1,-8.103925E-2
3.816998E1,-1.342189E-1,-9.106237E-2
3.820331E1,-1.087850E-1,-1.012915E-1
3.823665E1,-7.902274E-2,-1.101945E-1
3.826999E1,-4.618779E-2,-1.169614E-1
3.830332E1,-8.665752E-3,-1.206729E-1
3.833666E1,2.593179E-2,-1.194487E-1
3.837000E1,6.150779E-2,-1.178396E-1
3.840333E1,9.435994E-2,-1.094239E-1
3.843667E1,1.235655E-1,-9.953916E-2
3.847000E1,1.485352E-1,-8.840467E-2
3.850334E1,1.687405E-1,-7.827989E-2
3.853668E1,1.828145E-1,-6.888225E-2
3.857001E1,1.905070E-1,-6.337034E-2
3.860335E1,1.928734E-1,-6.175690E-2
3.863669E1,1.905655E-1,-6.357044E-2
3.867002E1,1.823075E-1,-6.891211E-2
3.870336E1,1.682908E-1,-7.793619E-2
3.873669E1,1.482516E-1,-8.818850E-2
3.877003E1,1.236580E-1,-9.904069E-2
3.880337E1,9.454836E-2,-1.084729E-1
3.883670E1,6.247373E-2,-1.169468E-1
3.887004E1,2.699737E-2,-1.189895E-1
3.890338E1,-1.191914E-2,-1.225546E-1
3.893671E1,-4.426341E-2,-1.170302E-1
3.897005E1,-7.728295E-2,-1.100431E-1
3.900338E1,-1.065919E-1,-1.017794E-1
3.903672E1,-1.310160E-1,-9.210920E-2
3.907006E1,-1.498605E-1,-8.235209E-2
3.910339E1,-1.640114E-1,-7.498396E-2
3.913673E1,-1.733864E-1,-6.982905E-2
3.917007E1,-1.777310E-1,-6.625230E-2
3.920340E1,-1.770530E-1,-6.635557E-2
3.923674E1,-1.723587E-1,-7.015540E-2
3.927007E1,-1.625053E-1,-7.656466E-2
3.930341E1,-1.468441E-1,-8.522308E-2
3.933675E1,-1.262836E-1,-9.441745E-2
3.937008E1,-1.007214E-1,-1.043710E-1
3.940342E1,-7.030335E-2,-1.130250E-1
3.943676E1,-3.660224E-2,-1.181898E-1
3.947009E1,-2.909061E-3,-1.204551E-1
3.950343E1,3.431006E-2,-1.188577E-1
3.953676E1,6.900405E-2,-1.140110E-1
3.957010E1,1.006475E-1,-1.069867E-1
3.960344E1,1.284820E-1,-9.715342E-2
3.963677E1,1.522984E-1,-8.623106E-2
3.967011E1,1.705130E-1,-7.635854E-2
3.970345E1,1.832860E-1,-6.826102E-2
3.973678E1,1.899610E-1,-6.428485E-2
3.977012E1,1.909572E-1,-6.345129E-2
3.980345E1,1.870558E-1,-6.568175E-2
3.983679E1,1.770322E-1,-7.191812E-2
3.987013E1,1.617434E-1,-8.141716E-2
3.990346E1,1.406875E-1,-9.244662E-2
3.993680E1,1.149941E-1,-1.022403E-1
3.997013E1,8.502397E-2,-1.106551E-1
4.000347E1,5.213580E-2,-1.179343E-1
4.003681E1,1.756632E-2,-1.193637E-1
4.007014E1,-1.885869E-2,-1.188941E-1
4.010348E1,-5.261999E-2,-1.169055E-1
4.013682E1,-8.479438E-2,-1.096506E-1
4.017015E1,-1.127305E-1,-1.006147E-1
4.020349E1,-1.352220E-1,-9.066444E-2
4.023682E1,-1.531287E-1,-8.143179E-2
4.027016E1,-1.659513E-1,-7.424030E-2
4.030350E1,-1.731318E-1,-6.896816E-2
4.033683E1,-1.758527E-1,-6.746805E-2
4.037017E1,-1.742113E-1,-6.913171E-2
4.040351E1,-1.685085E-1,-7.267712E-2
4.043684E1,-1.574730E-1,-7.943552E-2
4.047018E1,-1.410364E-1,-8.826828E-2
4.050351E1,-1.187636E-1,-9.847572E-2
4.053685E1,-9.166450E-2,-1.076027E-1
4.057019E1,-6.081085E-2,-1.152031E-1
4.060352E1,-2.724175E-2,-1.186303E-1
4.063686E1,8.021224E-3,-1.197009E-1
4.067020E1,4.334815E-2,-1.194705E-1
4.070353E1,7.663049E-2,-1.138311E-1
4.073687E1,1.072245E-1,-1.049154E-1
4.077020E1,1.338849E-1,-9.533712E-2
4.080354E1,1.564758E-1,-8.554283E-2
4.083688E1,1.730616E-1,-7.592309E-2
4.087021E1,1.833962E-1,-6.841237E-2
4.090355E1,1.880824E-1,-6.550581E-2
4.093689E1,1.879096E-1,-6.565224E-2
4.097022E1,1.825181E-1,-6.932476E-2
4.100356E1,1.711801E-1,-7.638085E-2
4.103689E1,1.541927E-1,-8.537343E-2
4.107023E1,1.319786E-1,-9.550625E-2
4.110357E1,1.058265E-1,-1.058942E-1
4.113690E1,7.525148E-2,-1.142098E-1
4.117024E1,4.210834E-2,-1.186254E-1
4.120358E1,7.250651E-3,-1.193470E-1
4.123691E1,-2.728994E-2,-1.184487E-1
4.127025E1,-6.078355E-2,-1.165268E-1
4.130358E1,-9.152689E-2,-1.082225E-1
4.133692E1,-1.178210E-1,-9.802158E-2
4.137026E1,-1.387524E-1,-8.916089E-2
4.140359E1,-1.547537E-1,-8.071470E-2
4.143693E1,-1.656184E-1,-7.424283E-2
4.147027E1,-1.719837E-1,-7.054782E-2
4.150360E1,-1.737297E-1,-6.889410E-2
4.153694E1,-1.708712E-1,-7.112692E-2
4.157027E1,-1.635844E-1,-7.605183E-2
4.160361E1,-1.507956E-1,-8.340729E-2
4.163695E1,-1.334108E-1,-9.202502E-2
4.167028E1,-1.100201E-1,-1.013436E-1
4.170362E1,-8.177402E-2,-1.097320E-1
4.173695E1,-5.033617E-2,-1.168329E-1
4.177029E1,-1.159043E-2,-1.212800E-1
4.180363E1,1.793529E-2,-1.194666E-1
4.183696E1,5.214276E-2,-1.186620E-1
4.187030E1,8.489571E-2,-1.128066E-1
4.190364E1,1.134484E-1,-1.033754E-1
4.193697E1,1.386816E-1,-9.292750E-2
4.197031E1,1.595115E-1,-8.392626E-2
4.200364E1,1.745443E-1,-7.571823E-2
4.203698E1,1.832633E-1,-7.014091E-2
4.207032E1,1.866295E-1,-6.750354E-2
4.210365E1,1.848896E-1,-6.832315E-2
4.213699E1,1.773718E-1,-7.234529E-2
4.217033E1,1.647311E-1,-8.043995E-2
4.220366E1,1.464641E-1,-8.989033E-2
4.223700E1,1.228675E-1,-9.944520E-2
4.227033E1,9.560372E-2,-1.081473E-1
4.230367E1,6.470359E-2,-1.162223E-1
4.233701E1,3.105161E-2,-1.193437E-1
4.237034E1,-3.523200E-3,-1.197779E-1
4.240368E1,-3.732505E-2,-1.175166E-1
4.243702E1,-6.945416E-2,-1.115104E-1
4.247035E1,-9.815783E-2,-1.031755E-1
4.250369E1,-1.222232E-1,-9.427569E-2
4.253702E1,-1.413262E-1,-8.509287E-2
4.257036E1,-1.559799E-1,-7.744547E-2
4.260370E1,-1.651496E-1,-7.164065E-2
4.263703E1,-1.696608E-1,-6.907772E-2
4.267037E1,-1.698020E-1,-6.890507E-2
4.270371E1,-1.658006E-1,-7.142016E-2
4.273704E1,-1.571976E-1,-7.671563E-2
4.277038E1,-1.428832E-1,-8.447151E-2
4.280371E1,-1.236499E-1,-9.377387E-2
4.283705E1,-9.942219E-2,-1.027768E-1
4.287039E1,-7.101046E-2,-1.111635E-1
4.290372E1,-3.934853E-2,-1.173814E-1
4.293706E1,-4.109902E-3,-1.198916E-1
4.297040E1,2.906592E-2,-1.192728E-1
4.300373E1,6.234465E-2,-1.149344E-1
4.303707E1,9.269505E-2,-1.078085E-1
4.307040E1,1.203894E-1,-9.930961E-2
4.310374E1,1.437246E-1,-8.980678E-2
4.313708E1,1.623364E-1,-8.039646E-2
4.317041E1,1.753066E-1,-7.239863E-2
4.320375E1,1.819584E-1,-6.825007E-2
4.323709E1,1.832691E-1,-6.794459E-2
4.327042E1,1.807052E-1,-6.968735E-2
4.330376E1,1.714636E-1,-7.494295E-2
4.333709E1,1.568345E-1,-8.283316E-2
4.337043E1,1.371249E-1,-9.255593E-2
4.340377E1,1.129860E-1,-1.023790E-1
4.343710E1,8.476452E-2,-1.107428E-1
4.347044E1,5.300518E-2,-1.176134E-1
4.350377E1,1.955493E-2,-1.194120E-1
4.353711E1,-1.304220E-2,-1.197218E-1
4.357045E1,-4.773425E-2,-1.173303E-1
4.360378E1,-7.889105E-2,-1.111872E-1
4.363712E1,-1.065848E-1,-1.026079E-1
4.367046E1,-1.290586E-1,-9.366283E-2
4.370379E1,-1.462082E-1,-8.540852E-2
4.373713E1,-1.588060E-1,-7.839960E-2
4.377046E1,-1.667495E-1,-7.369489E-2
4.380380E1,-1.732298E-1,-6.887527E-2
4.383714E1,-1.714660E-1,-7.006427E-2
4.387047E1,-1.654656E-1,-7.464831E-2
4.390381E1,-1.536786E-1,-8.130946E-2
4.393715E1,-1.376136E-1,-8.911233E-2
4.397048E1,-1.162410E-1,-9.819611E-2
4.400382E1,-9.018524E-2,-1.072924E-1
4.403715E1,-6.046820E-2,-1.152985E-1
4.407049E1,-2.808305E-2,-1.185955E-1
4.410383E1,5.662477E-3,-1.196066E-1
4.413716E1,3.975301E-2,-1.191338E-1
4.417050E1,7.226247E-2,-1.143461E-1
4.420384E1,1.011226E-1,-1.069595E-1
4.423717E1,1.268364E-1,-9.769770E-2
4.427051E1,1.486200E-1,-8.780001E-2
4.430384E1,1.653065E-1,-7.952447E-2
4.433718E1,1.761858E-1,-7.303667E-2
4.437052E1,1.809359E-1,-7.000893E-2
4.440385E1,1.806423E-1,-6.993225E-2
4.443719E1,1.757102E-1,-7.289985E-2
4.447053E1,1.655320E-1,-7.959258E-2
4.450386E1,1.491665E-1,-8.794892E-2
4.453720E1,1.276994E-1,-9.729222E-2
4.457053E1,1.022874E-1,-1.062761E-1
4.460387E1,7.335156E-2,-1.139620E-1
4.463721E1,4.130249E-2,-1.188986E-1
4.467054E1,7.786463E-3,-1.197283E-1
4.470388E1,-2.578855E-2,-1.184965E-1
4.473722E1,-5.799540E-2,-1.165023E-1
4.477055E1,-8.717446E-2,-1.089001E-1
4.480389E1,-1.123122E-1,-1.001883E-1
4.483722E1,-1.329148E-1,-9.122461E-2
4.487056E1,-1.486298E-1,-8.336602E-2
4.490390E1,-1.595773E-1,-7.769656E-2
4.493723E1,-1.650814E-1,-7.344090E-2
4.497057E1,-1.670227E-1,-7.278647E-2
4.500390E1,-1.642774E-1,-7.419243E-2
4.503724E1,-1.573970E-1,-7.892887E-2
4.507058E1,-1.449233E-1,-8.591271E-2
4.510391E1,-1.275133E-1,-9.438861E-2
4.513725E1,-1.055869E-1,-1.028978E-1
4.517059E1,-7.846874E-2,-1.104423E-1
4.520392E1,-4.796199E-2,-1.170862E-1
4.523726E1,-1.256773E-2,-1.213609E-1
4.527059E1,1.797499E-2,-1.197056E-1
4.530393E1,5.076391E-2,-1.186525E-1
4.533727E1,8.188886E-2,-1.123364E-1
4.537060E1,1.100769E-1,-1.050022E-1
4.540394E1,1.345999E-1,-9.473913E-2
4.543728E1,1.541946E-1,-8.558349E-2
4.547061E1,1.685963E-1,-7.775747E-2
4.550395E1,1.766096E-1,-7.245547E-2
4.553728E1,1.802202E-1,-7.094661E-2
4.557062E1,1.781206E-1,-7.208730E-2
4.560396E1,1.710604E-1,-7.610087E-2
4.563729E1,1.581980E-1,-8.296671E-2
4.567063E1,1.403475E-1,-9.219049E-2
4.570397E1,1.176996E-1,-1.013974E-1
4.573730E1,9.098064E-2,-1.099061E-1
4.577064E1,6.107224E-2,-1.165185E-1
4.580397E1,2.861785E-2,-1.190811E-1
4.583731E1,-4.320505E-3,-1.198126E-1
4.587065E1,-3.708517E-2,-1.177184E-1
4.590398E1,-6.823806E-2,-1.127300E-1
4.593732E1,-9.631149E-2,-1.053365E-1
4.597066E1,-1.193695E-1,-9.676567E-2
4.600399E1,-1.383116E-1,-8.900420E-2
4.603733E1,-1.517599E-1,-8.148677E-2
4.607066E1,-1.609708E-1,-7.669632E-2
4.610400E1,-1.648365E-1,-7.385705E-2
4.613734E1,-1.650156E-1,-7.414369E-2
4.617067E1,-1.609712E-1,-7.721057E-2
4.620401E1,-1.516155E-1,-8.197158E-2
4.623735E1,-1.376877E-1,-8.896928E-2
4.627068E1,-1.187116E-1,-9.793286E-2
4.630402E1,-9.467549E-2,-1.068518E-1
4.633735E1,-6.647053E-2,-1.143698E-1
4.637069E1,-3.552103E-2,-1.180831E-1
4.640403E1,-3.873094E-3,-1.204349E-1
4.643736E1,3.005852E-2,-1.194471E-1
4.647070E1,6.240946E-2,-1.155260E-1
4.650404E1,9.160189E-2,-1.092950E-1
4.653737E1,1.181349E-1,-1.004824E-1
4.657071E1,1.404347E-1,-9.129592E-2
4.660404E1,1.581766E-1,-8.307802E-2
4.663738E1,1.704291E-1,-7.644750E-2
4.667072E1,1.762862E-1,-7.229061E-2
4.670405E1,1.774686E-1,-7.153308E-2
4.673739E1,1.735612E-1,-7.402776E-2
4.677072E1,1.648122E-1,-7.941540E-2
4.680406E1,1.502530E-1,-8.746661E-2
4.683740E1,1.304150E-1,-9.613675E-2
4.687073E1,1.064133E-1,-1.048114E-1
4.690407E1,7.850952E-2,-1.131142E-1
4.693741E1,4.829253E-2,-1.185613E-1
4.697074E1,1.551773E-2,-1.194214E-1
4.700408E1,-1.737989E-2,-1.187547E-1
4.703741E1,-4.912311E-2,-1.169556E-1
4.707075E1,-7.865860E-2,-1.104495E-1
4.710409E1,-1.043556E-1,-1.027517E-1
4.713742E1,-1.257710E-1,-9.437939E-2
4.717076E1,-1.419671E-1,-8.672206E-2
4.720410E1,-1.537448E-1,-8.007835E-2
4.723743E1,-1.609133E-1,-7.675771E-2
4.727077E1,-1.637665E-1,-7.528954E-2
4.730410E1,-1.615287E-1,-7.572003E-2
4.733744E1,-1.561495E-1,-8.005299E-2
4.737078E1,-1.450271E-1,-8.571000E-2
4.740411E1,-1.290023E-1,-9.354380E-2
4.743745E1,-1.084075E-1,-1.016720E-1
4.747079E1,-8.254555E-2,-1.086685E-1
4.750412E1,-5.370640E-2,-1.164196E-1
4.753746E1,-2.209983E-2,-1.190835E-1
4.757079E1,1.047042E-2,-1.199894E-1
4.760413E1,4.275398E-2,-1.193078E-1
4.763747E1,7.356974E-2,-1.139554E-1
4.767080E1,1.015763E-1,-1.067769E-1
4.770414E1,1.264979E-1,-9.806669E-2
4.773748E1,1.469107E-1,-8.908810E-2
4.777081E1,1.620909E-1,-8.085158E-2
4.780415E1,1.719590E-1,-7.556339E-2
4.783748E1,1.761162E-1,-7.298850E-2
4.787082E1,1.751571E-1,-7.312951E-2
4.790416E1,1.695545E-1,-7.674374E-2
4.793749E1,1.579467E-1,-8.282445E-2
4.797083E1,1.413232E-1,-9.146098E-2
4.800417E1,1.198056E-1,-1.006812E-1
4.803750E1,9.452577E-2,-1.087806E-1
4.807084E1,6.584815E-2,-1.157750E-1
4.810417E1,3.451273E-2,-1.190096E-1
4.813751E1,-1.038249E-3,-1.219245E-1
4.817085E1,-3.004118E-2,-1.186408E-1
4.820418E1,-6.064026E-2,-1.151248E-1
4.823752E1,-8.849178E-2,-1.080724E-1
4.827086E1,-1.121261E-1,-1.004212E-1
4.830419E1,-1.309972E-1,-9.231555E-2
4.833753E1,-1.456547E-1,-8.519367E-2
4.837086E1,-1.555374E-1,-8.011649E-2
4.840420E1,-1.604702E-1,-7.655891E-2
4.843754E1,-1.602447E-1,-7.570312E-2
4.847087E1,-1.574705E-1,-7.889781E-2
4.850421E1,-1.495779E-1,-8.269400E-2
4.853754E1,-1.368141E-1,-8.912631E-2
4.857088E1,-1.190621E-1,-9.678467E-2
4.860422E1,-9.651870E-2,-1.047471E-1
4.863755E1,-6.982680E-2,-1.123254E-1
4.867089E1,-4.035702E-2,-1.179525E-1
4.870423E1,-8.479675E-3,-1.209606E-1
4.873756E1,2.397640E-2,-1.196892E-1
4.877090E1,5.496245E-2,-1.182110E-1
4.880423E1,8.438217E-2,-1.117830E-1
4.883757E1,1.106619E-1,-1.034547E-1
4.887091E1,1.338474E-1,-9.487847E-2
4.890424E1,1.522429E-1,-8.689021E-2
4.893758E1,1.649949E-1,-7.973465E-2
4.897092E1,1.715943E-1,-7.554533E-2
4.900425E1,1.736184E-1,-7.416259E-2
4.903759E1,1.709468E-1,-7.601753E-2
4.907092E1,1.630745E-1,-8.052597E-2
4.910426E1,1.497123E-1,-8.734593E-2
4.913760E1,1.310571E-1,-9.547381E-2
4.917093E1,1.083735E-1,-1.038333E-1
4.920427E1,8.182805E-2,-1.119931E-1
4.923761E1,5.230327E-2,-1.178967E-1
4.927094E1,2.072445E-2,-1.197697E-1
4.930428E1,-1.079764E-2,-1.207029E-1
4.933761E1,-4.263243E-2,-1.172042E-1
4.937095E1,-7.179709E-2,-1.117808E-1
4.940429E1,-9.770126E-2,-1.044855E-1
4.943762E1,-1.192375E-1,-9.671253E-2
4.947096E1,-1.361905E-1,-8.955350E-2
4.950430E1,-1.482660E-1,-8.353518E-2
4.953763E1,-1.561310E-1,-7.955261E-2
4.957097E1,-1.596148E-1,-7.751297E-2
4.960430E1,-1.582779E-1,-7.760640E-2
4.963764E1,-1.536310E-1,-8.115442E-2
4.967098E1,-1.435855E-1,-8.686404E-2
4.970431E1,-1.284313E-1,-9.355401E-2
4.973765E1,-1.089946E-1,-1.015987E-1
4.977099E1,-8.489688E-2,-1.095484E-1
4.980432E1,-5.706432E-2,-1.162061E-1
4.983766E1,-2.612279E-2,-1.188465E-1
4.987099E1,5.574967E-3,-1.200049E-1
4.990433E1,3.724808E-2,-1.192116E-1
4.993767E1,6.752773E-2,-1.146073E-1
4.997100E1,9.526518E-2,-1.084657E-1
5.000434E1,1.200585E-1,-1.000963E-1
5.003768E1,1.405456E-1,-9.139855E-2
5.007101E1,1.561744E-1,-8.328133E-2
5.010435E1,1.670953E-1,-7.779570E-2
5.013768E1,1.716648E-1,-7.513688E-2
5.017102E1,1.714539E-1,-7.503290E-2
5.020436E1,1.666422E-1,-7.766860E-2
5.023769E1,1.561453E-1,-8.314562E-2
5.027103E1,1.406957E-1,-9.120779E-2
5.030436E1,1.201355E-1,-9.963154E-2
5.033770E1,9.581198E-2,-1.077653E-1
5.037104E1,6.823523E-2,-1.147172E-1
5.040437E1,3.791531E-2,-1.189081E-1
5.043771E1,6.404935E-3,-1.199035E-1
5.047105E1,-2.495615E-2,-1.189223E-1
5.050438E1,-5.537527E-2,-1.160716E-1
5.053772E1,-8.310590E-2,-1.098644E-1
5.057105E1,-1.064044E-1,-1.023086E-1
5.060439E1,-1.255465E-1,-9.483402E-2
5.063773E1,-1.408517E-1,-8.818302E-2
5.067106E1,-1.508148E-1,-8.261153E-2
5.070440E1,-1.564163E-1,-7.921559E-2
5.073774E1,-1.574505E-1,-7.899959E-2
5.077107E1,-1.549242E-1,-8.065448E-2
5.080441E1,-1.474926E-1,-8.417798E-2
5.083774E1,-1.355551E-1,-8.986854E-2
5.087108E1,-1.187025E-1,-9.774088E-2
5.090442E1,-9.717045E-2,-1.051175E-1
5.093775E1,-7.154010E-2,-1.127983E-1
5.097109E1,-4.288863E-2,-1.177848E-1
5.100443E1,-1.082956E-2,-1.211860E-1
5.103776E1,1.938390E-2,-1.197631E-1
5.107110E1,5.020019E-2,-1.187166E-1
5.110443E1,7.905253E-2,-1.131006E-1
5.113777E1,1.053461E-1,-1.053950E-1
5.117111E1,1.284207E-1,-9.738487E-2
5.120444E1,1.471361E-1,-8.948524E-2
5.123778E1,1.602770E-1,-8.293722E-2
5.127112E1,1.674568E-1,-7.873394E-2
5.130445E1,1.701432E-1,-7.740496E-2
5.133779E1,1.678817E-1,-7.875104E-2
5.137112E1,1.610329E-1,-8.267171E-2
5.140446E1,1.481292E-1,-8.871213E-2
5.143780E1,1.304104E-1,-9.664860E-2
5.147113E1,1.083052E-1,-1.049258E-1
5.150447E1,8.258595E-2,-1.121469E-1
5.153781E1,5.398214E-2,-1.180522E-1
5.157114E1,2.345454E-2,-1.199605E-1
5.160448E1,-8.130824E-3,-1.204733E-1
5.163781E1,-3.867321E-2,-1.178357E-1
5.167115E1,-6.748546E-2,-1.142741E-1
5.170449E1,-9.345141E-2,-1.070416E-1
5.173782E1,-1.150334E-1,-9.900907E-2
5.177116E1,-1.318794E-1,-9.149559E-2
5.180450E1,-1.440969E-1,-8.597571E-2
5.183783E1,-1.523184E-1,-8.173495E-2
5.187117E1,-1.557449E-1,-7.925487E-2
5.190450E1,-1.549489E-1,-7.950288E-2
5.193784E1,-1.503737E-1,-8.246126E-2
5.197118E1,-1.410200E-1,-8.759787E-2
5.200451E1,-1.268813E-1,-9.459074E-2
5.203785E1,-1.082827E-1,-1.022681E-1
5.207118E1,-8.495484E-2,-1.098785E-1
5.210452E1,-5.772200E-2,-1.163171E-1
5.213786E1,-2.795396E-2,-1.188584E-1
5.217119E1,2.686250E-3,-1.203826E-1
5.220453E1,3.371664E-2,-1.193715E-1
5.223787E1,6.350986E-2,-1.152021E-1
5.227120E1,9.078335E-2,-1.094661E-1
5.230454E1,1.153197E-1,-1.017670E-1
5.233787E1,1.359092E-1,-9.349144E-2
5.237121E1,1.518723E-1,-8.616058E-2
5.240455E1,1.617757E-1,-8.098402E-2
5.243788E1,1.669976E-1,-7.826742E-2
5.247122E1,1.673453E-1,-7.817048E-2
5.250456E1,1.629267E-1,-8.020121E-2
5.253789E1,1.534644E-1,-8.525718E-2
5.257123E1,1.385908E-1,-9.259460E-2
5.260456E1,1.188136E-1,-1.007514E-1
5.263790E1,9.509609E-2,-1.084636E-1
5.267124E1,6.853281E-2,-1.149968E-1
5.270457E1,3.911619E-2,-1.191143E-1
5.273791E1,8.287995E-3,-1.201983E-1
5.277125E1,-2.248755E-2,-1.190013E-1
5.280458E1,-5.193181E-2,-1.166998E-1
5.283792E1,-7.913796E-2,-1.107309E-1
5.287125E1,-1.024572E-1,-1.038559E-1
5.290459E1,-1.215993E-1,-9.658464E-2
5.293793E1,-1.363903E-1,-8.963196E-2
5.297126E1,-1.467533E-1,-8.519851E-2
5.300460E1,-1.521657E-1,-8.155133E-2
5.303794E1,-1.543122E-1,-8.118598E-2
5.307127E1,-1.516853E-1,-8.240522E-2
5.310461E1,-1.449979E-1,-8.623741E-2
5.313794E1,-1.331586E-1,-9.150697E-2
5.317128E1,-1.170675E-1,-9.912239E-2
5.320462E1,-9.618668E-2,-1.068091E-1
5.323795E1,-7.108621E-2,-1.135512E-1
5.327129E1,-4.309941E-2,-1.180417E-1
5.330463E1,-1.149170E-2,-1.215286E-1
5.333796E1,1.763924E-2,-1.202966E-1
5.337130E1,4.817876E-2,-1.193136E-1
5.340463E1,7.621130E-2,-1.137079E-1
5.343797E1,1.020755E-1,-1.068069E-1
5.347131E1,1.248206E-1,-9.932520E-2
5.350464E1,1.431101E-1,-9.156322E-2
5.353798E1,1.563581E-1,-8.490483E-2
5.357132E1,1.634334E-1,-8.068302E-2
5.360465E1,1.665163E-1,-7.937766E-2
5.363799E1,1.645727E-1,-8.068832E-2
5.367132E1,1.576860E-1,-8.406844E-2
5.370466E1,1.453792E-1,-8.985609E-2
5.373800E1,1.281655E-1,-9.747744E-2
5.377133E1,1.065898E-1,-1.054560E-1
5.380467E1,8.138458E-2,-1.123638E-1
5.383800E1,5.339575E-2,-1.180197E-1
5.387134E1,2.365954E-2,-1.196289E-1
5.390468E1,-7.773918E-3,-1.206963E-1
5.393801E1,-3.694095E-2,-1.184488E-1
5.397135E1,-6.500682E-2,-1.134705E-1
5.400469E1,-9.075731E-2,-1.069334E-1
5.403802E1,-1.121617E-1,-1.000787E-1
5.407136E1,-1.286685E-1,-9.319074E-2
5.410469E1,-1.413066E-1,-8.740453E-2
5.413803E1,-1.523754E-1,-8.109561E-2
5.417137E1,-1.563895E-1,-7.900641E-2
5.420470E1,-1.560889E-1,-7.897404E-2
5.423804E1,-1.507117E-1,-8.234548E-2
5.427138E1,-1.406087E-1,-8.754175E-2
5.430471E1,-1.262129E-1,-9.414832E-2
5.433805E1,-1.072801E-1,-1.019222E-1
5.437138E1,-8.405340E-2,-1.097456E-1
5.440472E1,-5.750380E-2,-1.159069E-1
5.443806E1,-2.839802E-2,-1.186600E-1
5.447139E1,-5.948668E-4,-1.211885E-1
5.450473E1,3.185763E-2,-1.192345E-1
5.453807E1,6.125726E-2,-1.176545E-1
5.457140E1,8.794896E-2,-1.110409E-1
5.460474E1,1.116603E-1,-1.034409E-1
5.463807E1,1.320838E-1,-9.526065E-2
5.467141E1,1.476046E-1,-8.858957E-2
5.470475E1,1.578692E-1,-8.324222E-2
5.473808E1,1.629924E-1,-8.038642E-2
5.477142E1,1.634027E-1,-8.004719E-2
5.480476E1,1.591153E-1,-8.190709E-2
5.483809E1,1.499876E-1,-8.724176E-2
5.487143E1,1.353851E-1,-9.389973E-2
5.490476E1,1.158707E-1,-1.015897E-1
5.493810E1,9.297535E-2,-1.088395E-1
5.497144E1,6.678181E-2,-1.149921E-1
5.500477E1,3.806093E-2,-1.192000E-1
5.503811E1,7.937986E-3,-1.203404E-1
5.507145E1,-2.202721E-2,-1.188102E-1
5.510478E1,-5.060192E-2,-1.164272E-1
5.513812E1,-7.694558E-2,-1.109374E-1
5.517145E1,-9.961134E-2,-1.040944E-1
5.520479E1,-1.188767E-1,-9.735315E-2
5.523813E1,-1.336290E-1,-9.082787E-2
5.527146E1,-1.430849E-1,-8.579691E-2
5.530480E1,-1.488994E-1,-8.334177E-2
5.533814E1,-1.501791E-1,-8.223397E-2
5.537147E1,-1.482210E-1,-8.387360E-2
5.540481E1,-1.416285E-1,-8.711031E-2
5.543814E1,-1.297839E-1,-9.219852E-2
5.547148E1,-1.135849E-1,-9.896642E-2
5.550482E1,-9.362906E-2,-1.063134E-1
5.553815E1,-6.919851E-2,-1.127155E-1
5.557149E1,-4.189386E-2,-1.177260E-1
5.560482E1,-1.103713E-2,-1.209571E-1
5.563816E1,1.753261E-2,-1.203142E-1
5.567150E1,4.709048E-2,-1.185897E-1
5.570483E1,7.456670E-2,-1.135753E-1
5.573817E1,9.960767E-2,-1.068138E-1
5.577151E1,1.218761E-1,-9.960636E-2
5.580484E1,1.396458E-1,-9.195024E-2
5.583818E1,1.528792E-1,-8.531165E-2
5.587151E1,1.604370E-1,-8.123619E-2
5.590485E1,1.630022E-1,-7.986279E-2
5.593819E1,1.610948E-1,-8.109127E-2
5.597152E1,1.539734E-1,-8.473899E-2
5.600486E1,1.417513E-1,-9.055558E-2
5.603820E1,1.247773E-1,-9.819798E-2
5.607153E1,1.038325E-1,-1.062053E-1
5.610487E1,7.884850E-2,-1.130780E-1
5.613820E1,5.143746E-2,-1.179436E-1
5.617154E1,2.226912E-2,-1.196059E-1
5.620488E1,-7.990521E-3,-1.200068E-1
5.623821E1,-3.667752E-2,-1.177296E-1
5.627155E1,-6.393959E-2,-1.128268E-1
5.630489E1,-8.824475E-2,-1.063337E-1
5.633822E1,-1.088983E-1,-9.998493E-2
5.637156E1,-1.254839E-1,-9.416395E-2
5.640489E1,-1.374632E-1,-8.869094E-2
5.643823E1,-1.454976E-1,-8.520936E-2
5.647157E1,-1.490239E-1,-8.323520E-2
5.650490E1,-1.484207E-1,-8.367105E-2
5.653824E1,-1.435534E-1,-8.647842E-2
5.657158E1,-1.343736E-1,-9.043818E-2
5.660491E1,-1.209968E-1,-9.662174E-2
5.663825E1,-1.028589E-1,-1.034056E-1
5.667158E1,-8.046311E-2,-1.105408E-1
5.670492E1,-5.442134E-2,-1.167440E-1
5.673826E1,-2.609581E-2,-1.189220E-1
5.677159E1,3.305405E-3,-1.198402E-1
5.680493E1,3.290398E-2,-1.192970E-1
5.683827E1,6.132068E-2,-1.150761E-1
5.687160E1,8.709668E-2,-1.094161E-1
5.690494E1,1.106071E-1,-1.022107E-1
5.693827E1,1.302087E-1,-9.512743E-2
5.697161E1,1.455657E-1,-8.868744E-2
5.700495E1,1.562377E-1,-8.325437E-2
5.703828E1,1.613476E-1,-8.043568E-2
5.707162E1,1.610237E-1,-8.046085E-2
5.710496E1,1.562386E-1,-8.298433E-2
5.713829E1,1.469309E-1,-8.844897E-2
5.717163E1,1.324246E-1,-9.512799E-2
5.720496E1,1.130685E-1,-1.023151E-1
5.723830E1,8.995347E-2,-1.093566E-1
5.727164E1,6.425273E-2,-1.156430E-1
5.730497E1,3.593880E-2,-1.190950E-1
5.733831E1,6.368326E-3,-1.199682E-1
5.737164E1,-2.279707E-2,-1.188166E-1
5.740498E1,-5.053592E-2,-1.165614E-1
5.743832E1,-7.584657E-2,-1.103399E-1
5.747165E1,-9.797658E-2,-1.040457E-1
5.750499E1,-1.167544E-1,-9.754769E-2
5.753833E1,-1.310668E-1,-9.156813E-2
5.757166E1,-1.403546E-1,-8.733661E-2
5.760500E1,-1.456569E-1,-8.464466E-2
5.763833E1,-1.468705E-1,-8.421298E-2
5.767167E1,-1.443701E-1,-8.510710E-2
5.770501E1,-1.377279E-1,-8.879555E-2
5.773834E1,-1.260921E-1,-9.436801E-2
5.777168E1,-1.101632E-1,-1.007911E-1
5.780502E1,-9.027395E-2,-1.079971E-1
5.783835E1,-6.610006E-2,-1.142815E-1
5.787169E1,-3.906098E-2,-1.181622E-1
5.790502E1,-8.980920E-3,-1.214474E-1
5.793836E1,1.898527E-2,-1.201520E-1
5.797170E1,4.787252E-2,-1.185009E-1
5.800503E1,7.448138E-2,-1.135575E-1
5.803837E1,9.898408E-2,-1.071989E-1
5.807171E1,1.204491E-1,-9.996823E-2
5.810504E1,1.372195E-1,-9.301995E-2
5.813838E1,1.497993E-1,-8.726159E-2
5.817171E1,1.563929E-1,-8.338122E-2
5.820505E1,1.587785E-1,-8.252150E-2
5.823839E1,1.566254E-1,-8.378628E-2
5.827172E1,1.496712E-1,-8.725653E-2
5.830506E1,1.372967E-1,-9.259561E-2
5.833840E1,1.204160E-1,-9.963787E-2
5.837173E1,9.951203E-2,-1.071994E-1
5.840507E1,7.522124E-2,-1.135644E-1
5.843840E1,4.835697E-2,-1.180843E-1
5.847174E1,1.974749E-2,-1.200062E-1
5.850508E1,-9.495014E-3,-1.202065E-1
5.853841E1,-3.795839E-2,-1.179653E-1
5.857175E1,-6.446483E-2,-1.134589E-1
5.860509E1,-8.818201E-2,-1.072526E-1
5.863842E1,-1.081087E-1,-1.008746E-1
5.867176E1,-1.241672E-1,-9.531311E-2
5.870509E1,-1.357262E-1,-9.011858E-2
5.873843E1,-1.428000E-1,-8.654786E-2
5.877177E1,-1.492030E-1,-8.293677E-2
5.880510E1,-1.484189E-1,-8.364197E-2
5.883844E1,-1.426602E-1,-8.660971E-2
5.887177E1,-1.322817E-1,-9.178201E-2
5.890511E1,-1.180072E-1,-9.768907E-2
5.893845E1,-9.960784E-2,-1.043384E-1
5.897178E1,-7.682936E-2,-1.115370E-1
5.900512E1,-5.110165E-2,-1.168538E-1
5.903846E1,-2.333711E-2,-1.190326E-1
5.907179E1,5.660109E-3,-1.200531E-1
5.910513E1,3.470594E-2,-1.196711E-1
5.913846E1,6.233908E-2,-1.155641E-1
5.917180E1,8.726885E-2,-1.103435E-1
5.920514E1,1.099747E-1,-1.031403E-1
5.923847E1,1.288860E-1,-9.634745E-2
5.927181E1,1.432328E-1,-9.039399E-2
5.930515E1,1.522133E-1,-8.623888E-2
5.933848E1,1.566563E-1,-8.382425E-2
5.937182E1,1.562905E-1,-8.358467E-2
5.940515E1,1.517484E-1,-8.621668E-2
5.943849E1,1.422361E-1,-9.080259E-2
5.947183E1,1.275408E-1,-9.753168E-2
5.950516E1,1.082778E-1,-1.041737E-1
5.953850E1,8.541363E-2,-1.110020E-1
5.957184E1,5.996840E-2,-1.169258E-1
5.960517E1,3.229990E-2,-1.193042E-1
5.963851E1,3.213585E-3,-1.204279E-1
5.967184E1,-2.524113E-2,-1.188462E-1
5.970518E1,-5.229464E-2,-1.166268E-1
5.973852E1,-7.715138E-2,-1.105027E-1
5.977185E1,-9.841199E-2,-1.044173E-1
5.980519E1,-1.159673E-1,-9.808640E-2
5.983853E1,-1.295237E-1,-9.281384E-2
5.987186E1,-1.384253E-1,-8.879952E-2
5.990520E1,-1.429118E-1,-8.649967E-2
5.993853E1,-1.437155E-1,-8.574267E-2
5.997187E1,-1.410349E-1,-8.753940E-2
6.000521E1,-1.337523E-1,-9.078114E-2
6.003854E1,-1.221749E-1,-9.667023E-2
6.007188E1,-1.059700E-1,-1.030634E-1
6.010522E1,-8.602882E-2,-1.094889E-1
6.013855E1,-6.181660E-2,-1.149640E-1
6.017189E1,-3.519382E-2,-1.187478E-1
6.020522E1,-6.009958E-3,-1.213100E-1
6.023856E1,2.191690E-2,-1.201498E-1
6.027190E1,4.960141E-2,-1.182010E-1
6.030523E1,7.554538E-2,-1.133834E-1
6.033857E1,9.916666E-2,-1.074843E-1
6.037191E1,1.196999E-1,-1.006866E-1
6.040524E1,1.359050E-1,-9.384189E-2
6.043858E1,1.473726E-1,-8.854259E-2
6.047191E1,1.534124E-1,-8.541316E-2
6.050525E1,1.553830E-1,-8.458607E-2
6.053859E1,1.530464E-1,-8.582320E-2
6.057192E1,1.454829E-1,-8.969789E-2
6.060526E1,1.327727E-1,-9.502319E-2
6.063859E1,1.156108E-1,-1.021449E-1
6.067193E1,9.473116E-2,-1.089611E-1
6.070527E1,7.075968E-2,-1.147106E-1
6.073860E1,4.397015E-2,-1.185360E-1
6.077194E1,1.592144E-2,-1.196602E-1
6.080528E1,-1.201579E-2,-1.198731E-1
6.083861E1,-4.014659E-2,-1.176390E-1
6.087195E1,-6.576489E-2,-1.128147E-1
6.090528E1,-8.819729E-2,-1.065793E-1
6.093862E1,-1.071394E-1,-1.002131E-1
6.097196E1,-1.218208E-1,-9.474505E-2
6.100529E1,-1.323939E-1,-8.982150E-2
6.103863E1,-1.397862E-1,-8.749431E-2
6.107197E1,-1.417476E-1,-8.570674E-2
6.110530E1,-1.401862E-1,-8.680186E-2
6.113864E1,-1.349586E-1,-8.922057E-2
6.117197E1,-1.255396E-1,-9.367823E-2
6.120531E1,-1.115772E-1,-9.895469E-2
6.123865E1,-9.356689E-2,-1.051649E-1
6.127198E1,-7.119300E-2,-1.115254E-1
6.130532E1,-4.573904E-2,-1.170321E-1
6.133866E1,-1.861104E-2,-1.191889E-1
6.137199E1,9.428789E-3,-1.199363E-1
6.140533E1,3.760336E-2,-1.193334E-1
6.143866E1,6.425867E-2,-1.151030E-1
6.147200E1,8.822429E-2,-1.098741E-1
6.150534E1,1.102115E-1,-1.030198E-1
6.153867E1,1.281401E-1,-9.682056E-2
6.157201E1,1.417213E-1,-9.069686E-2
6.160535E1,1.506477E-1,-8.661311E-2
6.163868E1,1.539484E-1,-8.466520E-2
6.167202E1,1.528233E-1,-8.477688E-2
6.170535E1,1.479466E-1,-8.785701E-2
6.173869E1,1.375415E-1,-9.258015E-2
6.177203E1,1.221884E-1,-9.918624E-2
6.180536E1,1.027714E-1,-1.059753E-1
6.183870E1,8.017372E-2,-1.121463E-1
6.187204E1,5.481696E-2,-1.177243E-1
6.190537E1,2.759166E-2,-1.193875E-1
6.193871E1,-2.091369E-3,-1.210447E-1
6.197204E1,-2.856085E-2,-1.187237E-1
6.200538E1,-5.466557E-2,-1.158794E-1
6.203872E1,-7.842713E-2,-1.106461E-1
6.207205E1,-9.855160E-2,-1.042268E-1
6.210539E1,-1.154798E-1,-9.906363E-2
