t,x,y
3.333623E-2,9.562783E-1,1.567620E-1
6.667246E-2,9.151554E-1,1.152301E-1
1.000087E-1,8.571196E-1,3.882101E-2
1.333449E-1,7.580089E-1,-4.077925E-2
1.666812E-1,6.235589E-1,-1.414234E-1
2.000174E-1,4.608963E-1,-2.236503E-1
2.333536E-1,2.511547E-1,-2.899590E-1
2.666898E-1,2.557008E-2,-3.194563E-1
3.000261E-1,-1.873466E-1,-3.142041E-1
3.333623E-1,-3.820647E-1,-2.613163E-1
3.666985E-1,-5.490094E-1,-2.014482E-1
4.000348E-1,-6.764150E-1,-1.317739E-1
4.333710E-1,-8.256702E-1,-2.961167E-2
4.667072E-1,-9.052932E-1,5.490403E-2
5.000435E-1,-9.568437E-1,1.059749E-1
5.333797E-1,-9.855745E-1,1.396946E-1
5.667159E-1,-9.883259E-1,1.440445E-1
6.000522E-1,-9.630219E-1,1.163371E-1
6.333884E-1,-9.099287E-1,5.821781E-2
6.667246E-1,-8.294366E-1,-2.113335E-2
7.000609E-1,-7.164402E-1,-1.041500E-1
7.333971E-1,-5.801993E-1,-1.889353E-1
7.667333E-1,-4.048607E-1,-2.653523E-1
8.000695E-1,-2.036375E-1,-3.097022E-1
8.334058E-1,2.083231E-2,-3.220262E-1
8.667420E-1,2.420459E-1,-2.948228E-1
9.000782E-1,4.258754E-1,-2.391793E-1
9.334145E-1,5.934240E-1,-1.547661E-1
9.667507E-1,7.304434E-1,-7.385638E-2
1.000087E0,8.336310E-1,1.040398E-2
1.033423E0,9.021448E-1,8.363682E-2
1.066759E0,9.393069E-1,1.289499E-1
1.100096E0,9.519439E-1,1.422067E-1
1.133432E0,9.359429E-1,1.228333E-1
1.166768E0,8.905763E-1,7.444569E-2
1.200104E0,8.197105E-1,3.676829E-3
1.233441E0,7.066868E-1,-8.597318E-2
1.266777E0,5.542263E-1,-1.791256E-1
1.300113E0,3.811133E-1,-2.451558E-1
1.333449E0,1.709872E-1,-3.064873E-1
1.366785E0,-4.382644E-2,-3.228504E-1
1.400122E0,-2.380952E-1,-2.996864E-1
1.433458E0,-4.368041E-1,-2.473816E-1
1.466794E0,-6.147395E-1,-1.736437E-1
1.500130E0,-7.273692E-1,-9.827240E-2
1.533467E0,-8.368770E-1,-1.598909E-2
1.566803E0,-9.075205E-1,5.255193E-2
1.600139E0,-9.546585E-1,1.054953E-1
1.633475E0,-9.757380E-1,1.290800E-1
1.666812E0,-9.682621E-1,1.229206E-1
1.700148E0,-9.349000E-1,8.436135E-2
1.733484E0,-8.724189E-1,1.818019E-2
1.766820E0,-7.840697E-1,-5.702749E-2
1.800156E0,-6.600786E-1,-1.426894E-1
1.833493E0,-5.058020E-1,-2.220741E-1
1.866829E0,-3.253936E-1,-2.852191E-1
1.900165E0,-1.164627E-1,-3.162558E-1
1.933501E0,1.051218E-1,-3.127935E-1
1.966838E0,3.181744E-1,-2.698862E-1
2.000174E0,4.808594E-1,-2.119346E-1
2.033510E0,6.405767E-1,-1.329209E-1
2.066846E0,7.579466E-1,-4.995490E-2
2.100183E0,8.441987E-1,2.628016E-2
2.133519E0,9.045754E-1,8.749211E-2
2.166855E0,9.338742E-1,1.190022E-1
2.200191E0,9.358506E-1,1.215850E-1
2.233527E0,9.100799E-1,9.331373E-2
2.266864E0,8.524006E-1,3.576280E-2
2.300200E0,7.684485E-1,-4.018569E-2
2.333536E0,6.484492E-1,-1.301594E-1
2.366872E0,4.834973E-1,-2.118934E-1
2.400209E0,3.077052E-1,-2.753269E-1
2.433545E0,1.052043E-1,-3.180693E-1
2.466881E0,-1.137836E-1,-3.188525E-1
2.500217E0,-3.121216E-1,-2.902888E-1
2.533554E0,-4.951267E-1,-2.298230E-1
2.566890E0,-6.440863E-1,-1.529938E-1
2.600226E0,-7.597310E-1,-7.545563E-2
2.633562E0,-8.537106E-1,-1.485487E-3
2.666898E0,-9.178443E-1,6.232508E-2
2.700235E0,-9.517988E-1,1.048844E-1
2.733571E0,-9.619131E-1,1.166423E-1
2.766907E0,-9.456302E-1,9.725803E-2
2.800243E0,-9.017849E-1,4.764078E-2
2.833580E0,-8.305145E-1,-1.848075E-2
2.866916E0,-7.278509E-1,-9.786901E-2
2.900252E0,-6.041054E-1,-1.787546E-1
2.933588E0,-4.260464E-1,-2.604062E-1
2.966925E0,-2.354985E-1,-2.970073E-1
3.000261E0,-4.388096E-2,-3.257676E-1
3.033597E0,1.681020E-1,-2.907010E-1
3.066933E0,3.928408E-1,-2.543798E-1
3.100269E0,5.585988E-1,-1.837759E-1
3.133606E0,7.174569E-1,-8.626057E-2
3.166942E0,8.131346E-1,-8.094466E-3
3.200278E0,8.786985E-1,5.683440E-2
3.233614E0,9.142441E-1,9.928728E-2
3.266951E0,9.253539E-1,1.110311E-1
3.300287E0,9.096948E-1,9.312914E-2
3.333623E0,8.663930E-1,4.691767E-2
3.366959E0,7.914965E-1,-2.182956E-2
3.400296E0,6.848358E-1,-1.053700E-1
3.433632E0,5.441089E-1,-1.893923E-1
3.466968E0,3.768118E-1,-2.592529E-1
3.500304E0,1.820052E-1,-3.098652E-1
3.533640E0,-4.433234E-2,-3.249461E-1
3.566977E0,-2.372131E-1,-3.077978E-1
3.600313E0,-4.261676E-1,-2.581812E-1
3.633649E0,-5.889213E-1,-1.888062E-1
3.666985E0,-7.214200E-1,-1.083104E-1
3.700322E0,-8.213690E-1,-2.967989E-2
3.733658E0,-8.926031E-1,3.577014E-2
3.766994E0,-9.360202E-1,8.244355E-2
3.800330E0,-9.525615E-1,1.020393E-1
3.833667E0,-9.435214E-1,9.288749E-2
3.867003E0,-9.112531E-1,5.478844E-2
3.900339E0,-8.492108E-1,-5.545331E-3
3.933675E0,-7.560119E-1,-8.191651E-2
3.967011E0,-6.321900E-1,-1.652908E-1
4.000348E0,-4.770051E-1,-2.401916E-1
4.033684E0,-2.980275E-1,-2.948019E-1
4.067020E0,-9.925343E-2,-3.238912E-1
4.100356E0,1.031996E-1,-3.199193E-1
4.133693E0,3.112416E-1,-2.814637E-1
4.167029E0,4.882238E-1,-2.153703E-1
4.200365E0,6.344199E-1,-1.362789E-1
4.233701E0,7.498472E-1,-5.676332E-2
4.267038E0,8.318302E-1,1.528424E-2
4.300374E0,8.843062E-1,6.680692E-2
4.333710E0,9.073668E-1,9.533207E-2
4.367046E0,9.060115E-1,9.466336E-2
4.400382E0,8.781139E-1,6.137433E-2
4.433719E0,8.202571E-1,4.089966E-3
4.467055E0,7.317896E-1,-7.001195E-2
4.500391E0,6.085520E-1,-1.529036E-1
4.533727E0,4.583097E-1,-2.282182E-1
4.567064E0,2.782643E-1,-2.884956E-1
4.600400E0,7.162856E-2,-3.216294E-1
4.633736E0,-1.299039E-1,-3.209576E-1
4.667072E0,-3.255554E-1,-2.882214E-1
4.700409E0,-5.013889E-1,-2.286793E-1
4.733745E0,-6.487903E-1,-1.547407E-1
4.767081E0,-7.639113E-1,-7.478672E-2
4.800417E0,-8.490251E-1,-4.509105E-3
4.833753E0,-9.056512E-1,5.244144E-2
4.867090E0,-9.357536E-1,8.480586E-2
4.900426E0,-9.397748E-1,9.032026E-2
4.933762E0,-9.192083E-1,6.819194E-2
4.967098E0,-8.723073E-1,1.774813E-2
5.000435E0,-7.951970E-1,-4.938665E-2
5.033771E0,-6.884217E-1,-1.289251E-1
5.067107E0,-5.513428E-1,-2.066526E-1
5.100443E0,-3.860852E-1,-2.714440E-1
5.133780E0,-1.982267E-1,-3.133682E-1
5.167116E0,-7.098273E-4,-3.244325E-1
5.200452E0,1.986611E-1,-3.036108E-1
5.233788E0,4.007144E-1,-2.512222E-1
5.267125E0,5.614135E-1,-1.787716E-1
5.300461E0,6.892901E-1,-1.016698E-1
5.333797E0,7.860360E-1,-2.597690E-2
5.367133E0,8.502975E-1,3.477941E-2
5.400469E0,8.891133E-1,7.271191E-2
5.433806E0,8.988509E-1,8.528566E-2
5.467142E0,8.835576E-1,6.712328E-2
5.500478E0,8.396536E-1,2.398977E-2
5.533814E0,7.666522E-1,-4.194814E-2
5.567151E0,6.602587E-1,-1.203244E-1
5.600487E0,5.233587E-1,-1.983245E-1
5.633823E0,3.584963E-1,-2.661548E-1
5.667159E0,1.702939E-1,-3.107744E-1
5.700496E0,-4.153088E-2,-3.260049E-1
5.733832E0,-2.356779E-1,-3.076552E-1
5.767168E0,-4.173356E-1,-2.618966E-1
5.800504E0,-5.767194E-1,-1.947117E-1
5.833840E0,-7.053013E-1,-1.195281E-1
5.867177E0,-8.039861E-1,-4.488187E-2
5.900513E0,-8.738350E-1,1.822876E-2
5.933849E0,-9.159231E-1,6.020668E-2
5.967185E0,-9.315903E-1,7.735255E-2
6.000522E0,-9.221797E-1,6.859818E-2
6.033858E0,-8.873495E-1,3.124214E-2
6.067194E0,-8.235763E-1,-2.749558E-2
6.100530E0,-7.317189E-1,-1.002979E-1
6.133867E0,-6.082112E-1,-1.783722E-1
6.167203E0,-4.539545E-1,-2.489097E-1
6.200539E0,-2.766758E-1,-2.999648E-1
6.233875E0,-8.748255E-2,-3.242040E-1
6.267211E0,1.097924E-1,-3.183719E-1
6.300548E0,3.119599E-1,-2.795320E-1
6.333884E0,4.837201E-1,-2.172097E-1
6.367220E0,6.243571E-1,-1.432222E-1
6.400556E0,7.350507E-1,-6.624228E-2
6.433893E0,8.143063E-1,-1.234070E-3
6.467229E0,8.630507E-1,4.726713E-2
6.500565E0,8.871353E-1,7.101294E-2
6.533901E0,8.820172E-1,6.617912E-2
6.567238E0,8.501416E-1,3.468763E-2
6.600574E0,7.900482E-1,-2.063845E-2
6.633910E0,6.986630E-1,-9.387326E-2
6.667246E0,5.746353E-1,-1.705869E-1
6.700582E0,4.230253E-1,-2.433467E-1
6.733919E0,2.461051E-1,-2.956013E-1
6.767255E0,4.735939E-2,-3.239992E-1
6.800591E0,-1.506523E-1,-3.193423E-1
6.833927E0,-3.351755E-1,-2.860730E-1
6.867264E0,-5.036183E-1,-2.290668E-1
6.900600E0,-6.442617E-1,-1.566915E-1
6.933936E0,-7.564280E-1,-8.034623E-2
6.967272E0,-8.372026E-1,-1.465048E-2
7.000609E0,-8.919147E-1,3.705365E-2
7.033945E0,-9.159580E-1,6.472747E-2
7.067281E0,-9.167279E-1,6.487978E-2
7.100617E0,-8.927098E-1,4.076602E-2
7.133953E0,-8.423197E-1,-8.304968E-3
7.167290E0,-7.643650E-1,-7.383482E-2
7.200626E0,-6.532885E-1,-1.501166E-1
7.233962E0,-5.160946E-1,-2.236711E-1
7.267298E0,-3.504891E-1,-2.813674E-1
7.300635E0,-1.663481E-1,-3.168570E-1
7.333971E0,2.743884E-2,-3.242190E-1
7.367307E0,2.183781E-1,-3.024332E-1
7.400643E0,4.104537E-1,-2.464458E-1
7.433980E0,5.616358E-1,-1.766100E-1
7.467316E0,6.852269E-1,-1.039211E-1
7.500652E0,7.754437E-1,-3.321822E-2
7.533988E0,8.368539E-1,2.172973E-2
7.567324E0,8.690662E-1,5.405319E-2
7.600661E0,8.756556E-1,6.105869E-2
7.633997E0,8.545377E-1,3.995240E-2
7.667333E0,8.065712E-1,-5.462531E-3
7.700669E0,7.277096E-1,-6.988150E-2
7.734006E0,6.180489E-1,-1.449584E-1
7.767342E0,4.777006E-1,-2.178683E-1
7.800678E0,3.118985E-1,-2.785842E-1
7.834014E0,1.158892E-1,-3.169469E-1
7.867351E0,-7.310244E-2,-3.257111E-1
7.900687E0,-2.656365E-1,-3.007360E-1
7.934023E0,-4.407972E-1,-2.536215E-1
7.967359E0,-5.904968E-1,-1.878389E-1
8.000695E0,-7.115411E-1,-1.138230E-1
8.034032E0,-8.029216E-1,-4.491440E-2
8.067368E0,-8.651349E-1,1.147320E-2
8.100704E0,-9.023904E-1,4.766645E-2
8.134040E0,-9.122317E-1,5.861565E-2
8.167377E0,-8.987639E-1,4.232857E-2
8.200713E0,-8.581814E-1,1.771850E-3
8.234049E0,-7.896717E-1,-5.676173E-2
8.267385E0,-6.913066E-1,-1.278782E-1
8.300722E0,-5.631377E-1,-2.011815E-1
8.334058E0,-4.109833E-1,-2.633716E-1
8.367394E0,-2.348108E-1,-3.076500E-1
8.400730E0,-4.706551E-2,-3.242365E-1
8.434066E0,1.454330E-1,-3.119872E-1
8.467403E0,3.446237E-1,-2.692418E-1
8.500739E0,5.042444E-1,-2.072974E-1
8.534075E0,6.339425E-1,-1.332863E-1
8.567411E0,7.361471E-1,-6.260829E-2
8.600748E0,8.057801E-1,-3.386112E-3
8.634084E0,8.491260E-1,3.726589E-2
8.667420E0,8.643961E-1,5.278246E-2
8.700756E0,8.526351E-1,4.153104E-2
8.734093E0,8.162013E-1,7.819397E-4
8.767429E0,7.571497E-1,-4.868360E-2
8.800765E0,6.618393E-1,-1.167594E-1
8.834101E0,5.364969E-1,-1.882288E-1
8.867437E0,3.857991E-1,-2.455897E-1
8.900774E0,2.189811E-1,-3.078553E-1
8.934110E0,3.655301E-2,-3.256205E-1
8.967446E0,-1.724355E-1,-3.139712E-1
9.000782E0,-3.444957E-1,-2.793727E-1
9.034119E0,-5.055473E-1,-2.334162E-1
9.067455E0,-6.301543E-1,-1.635105E-1
9.100791E0,-7.382146E-1,-9.554638E-2
9.134127E0,-8.241520E-1,-2.845502E-2
9.167464E0,-8.755621E-1,1.717289E-2
9.200800E0,-9.009203E-1,4.217880E-2
9.234136E0,-8.998864E-1,4.166070E-2
9.267472E0,-8.741366E-1,1.671423E-2
9.300808E0,-8.203517E-1,-3.081535E-2
9.334145E0,-7.376670E-1,-9.451444E-2
9.367481E0,-6.263263E-1,-1.671492E-1
9.400817E0,-4.863246E-1,-2.303135E-1
9.434153E0,-3.331959E-1,-2.866535E-1
9.467490E0,-1.575826E-1,-3.100104E-1
9.500826E0,4.022254E-2,-3.218344E-1
9.534162E0,2.262037E-1,-2.928277E-1
9.567498E0,4.083405E-1,-2.564236E-1
9.600835E0,5.498903E-1,-1.807668E-1
9.634171E0,6.690032E-1,-1.132321E-1
9.667507E0,7.751759E-1,-3.500793E-2
9.700843E0,8.282691E-1,8.270021E-3
9.734179E0,8.558041E-1,3.936952E-2
9.767516E0,8.587206E-1,4.387859E-2
9.800852E0,8.369237E-1,1.880062E-2
9.834188E0,7.864435E-1,-2.661708E-2
9.867524E0,7.018702E-1,-9.076519E-2
9.900861E0,5.871660E-1,-1.596665E-1
9.934197E0,4.455848E-1,-2.283527E-1
9.967533E0,2.706458E-1,-2.734898E-1
1.000087E1,6.631698E-2,-3.214267E-1
1.003421E1,-6.534511E-2,-3.227625E-1
1.006754E1,-2.696489E-1,-2.968467E-1
1.010088E1,-4.392605E-1,-2.474443E-1
1.013421E1,-5.845217E-1,-1.894610E-1
1.016755E1,-7.040265E-1,-1.203590E-1
1.020089E1,-8.010249E-1,-4.835873E-2
1.023422E1,-8.578877E-1,1.389006E-4
1.026756E1,-8.894204E-1,2.869753E-2
1.030090E1,-8.969337E-1,3.550268E-2
1.033423E1,-8.779960E-1,1.881844E-2
1.036757E1,-8.325910E-1,-2.110180E-2
1.040090E1,-7.585562E-1,-8.012439E-2
1.043424E1,-6.546584E-1,-1.490053E-1
1.046758E1,-5.250706E-1,-2.174099E-1
1.050091E1,-3.707066E-1,-2.723249E-1
1.053425E1,-1.911909E-1,-3.068068E-1
1.056759E1,-8.355056E-3,-3.151361E-1
1.060092E1,1.704035E-1,-3.011569E-1
1.063426E1,3.486961E-1,-2.573555E-1
1.066759E1,5.034874E-1,-2.035756E-1
1.070093E1,6.302419E-1,-1.367029E-1
1.073427E1,7.380801E-1,-6.593979E-2
1.076760E1,8.082662E-1,-8.434915E-3
1.080094E1,8.408759E-1,2.388771E-2
1.083428E1,8.505182E-1,3.503699E-2
1.086761E1,8.358448E-1,1.791768E-2
1.090095E1,7.928730E-1,-1.970596E-2
1.093428E1,7.099185E-1,-8.573880E-2
1.096762E1,6.024283E-1,-1.537069E-1
1.100096E1,4.649675E-1,-2.227288E-1
1.103429E1,3.079818E-1,-2.766351E-1
1.106763E1,1.220589E-1,-3.093697E-1
1.110096E1,-4.962548E-2,-3.236061E-1
1.113430E1,-2.284686E-1,-3.073893E-1
1.116764E1,-4.082174E-1,-2.579963E-1
1.120097E1,-5.407949E-1,-2.082163E-1
1.123431E1,-6.658765E-1,-1.433568E-1
1.126765E1,-7.643579E-1,-7.388683E-2
1.130098E1,-8.327626E-1,-2.088428E-2
1.133432E1,-8.719797E-1,1.279322E-2
1.136765E1,-8.858076E-1,2.518672E-2
1.140099E1,-8.735309E-1,1.441055E-2
1.143433E1,-8.350499E-1,-1.806756E-2
1.146766E1,-7.692912E-1,-7.240118E-2
1.150100E1,-6.742605E-1,-1.387950E-1
1.153434E1,-5.507680E-1,-2.014643E-1
1.156767E1,-4.119452E-1,-2.580545E-1
1.160101E1,-2.322547E-1,-3.037198E-1
1.163434E1,-4.648104E-2,-3.248924E-1
1.166768E1,1.221754E-1,-3.168252E-1
1.170102E1,3.267805E-1,-2.758037E-1
1.173435E1,4.793414E-1,-2.171202E-1
1.176769E1,6.125197E-1,-1.509619E-1
1.180103E1,6.989857E-1,-9.582481E-2
1.183436E1,7.833043E-1,-2.829111E-2
1.186770E1,8.228933E-1,7.306469E-3
1.190103E1,8.364493E-1,2.027066E-2
1.193437E1,8.249945E-1,7.760069E-3
1.196771E1,7.850838E-1,-2.751419E-2
1.200104E1,7.160474E-1,-8.088263E-2
1.203438E1,6.281874E-1,-1.357393E-1
1.206772E1,5.047756E-1,-2.032920E-1
1.210105E1,3.413570E-1,-2.649276E-1
1.213439E1,1.667922E-1,-3.086707E-1
1.216772E1,-3.902948E-2,-3.227563E-1
1.220106E1,-1.985299E-1,-3.143789E-1
1.223440E1,-3.726855E-1,-2.766669E-1
1.226773E1,-5.225782E-1,-2.206428E-1
1.230107E1,-6.499409E-1,-1.553706E-1
1.233441E1,-7.348112E-1,-9.786776E-2
1.236774E1,-8.090130E-1,-4.085511E-2
1.240108E1,-8.541192E-1,-3.651974E-3
1.243441E1,-8.736323E-1,1.548701E-2
1.246775E1,-8.677513E-1,1.050886E-2
1.250109E1,-8.355010E-1,-1.780250E-2
1.253442E1,-7.758356E-1,-6.692908E-2
1.256776E1,-6.872463E-1,-1.287401E-1
1.260110E1,-5.731005E-1,-1.947322E-1
1.263443E1,-4.418256E-1,-2.547927E-1
1.266777E1,-2.735514E-1,-2.857216E-1
1.270110E1,-7.137338E-2,-3.234781E-1
1.273444E1,8.862539E-2,-3.173495E-1
1.276778E1,2.634232E-1,-2.885174E-1
1.280111E1,4.262212E-1,-2.381931E-1
1.283445E1,5.619882E-1,-1.771522E-1
1.286779E1,6.683495E-1,-1.144602E-1
1.290112E1,7.569967E-1,-5.298154E-2
1.293446E1,8.049584E-1,-1.031437E-2
1.296779E1,8.286745E-1,1.191635E-2
1.300113E1,8.220753E-1,4.645667E-3
1.303447E1,7.879002E-1,-2.565361E-2
1.306780E1,7.332246E-1,-6.851737E-2
1.310114E1,6.424466E-1,-1.290481E-1
1.313448E1,5.248802E-1,-1.946067E-1
1.316781E1,3.808943E-1,-2.539714E-1
1.320115E1,1.966144E-1,-3.082048E-1
1.323448E1,6.614298E-3,-3.186309E-1
1.326782E1,-1.687077E-1,-3.139129E-1
1.330116E1,-3.332541E-1,-2.829258E-1
1.333449E1,-4.930105E-1,-2.349164E-1
1.336783E1,-6.236388E-1,-1.718257E-1
1.340116E1,-7.267595E-1,-1.054645E-1
1.343450E1,-7.912513E-1,-5.656718E-2
1.346784E1,-8.406423E-1,-1.593510E-2
1.350117E1,-8.641115E-1,5.537762E-3
1.353451E1,-8.633010E-1,4.365317E-3
1.356785E1,-8.357709E-1,-1.809851E-2
1.360118E1,-7.812154E-1,-6.306032E-2
1.363452E1,-6.978684E-1,-1.219989E-1
1.366785E1,-5.883369E-1,-1.850381E-1
1.370119E1,-4.539655E-1,-2.458404E-1
1.373453E1,-3.071014E-1,-2.862458E-1
1.376786E1,-1.426133E-1,-3.135052E-1
1.380120E1,3.643651E-2,-3.181649E-1
1.383454E1,2.187481E-1,-2.929442E-1
1.386787E1,3.939968E-1,-2.493040E-1
1.390121E1,5.326552E-1,-1.906127E-1
1.393454E1,6.443492E-1,-1.297712E-1
1.396788E1,7.391929E-1,-6.570189E-2
1.400122E1,7.918170E-1,-2.158290E-2
1.403455E1,8.197151E-1,4.603249E-3
1.406789E1,8.167135E-1,1.235000E-3
1.410123E1,7.880121E-1,-2.520387E-2
1.413456E1,7.379470E-1,-6.344229E-2
1.416790E1,6.507388E-1,-1.232315E-1
1.420123E1,5.390938E-1,-1.860037E-1
1.423457E1,3.998378E-1,-2.468148E-1
1.426791E1,2.176664E-1,-3.020168E-1
1.430124E1,4.183046E-2,-3.233267E-1
1.433458E1,-1.367997E-1,-3.197314E-1
1.436792E1,-2.996459E-1,-2.861293E-1
1.440125E1,-4.424681E-1,-2.493552E-1
1.443459E1,-5.765869E-1,-1.918749E-1
1.446792E1,-6.883420E-1,-1.297544E-1
1.450126E1,-7.753684E-1,-6.741389E-2
1.453460E1,-8.280875E-1,-2.732331E-2
1.456793E1,-8.543076E-1,-4.177591E-3
1.460127E1,-8.574181E-1,-1.902654E-3
1.463461E1,-8.339068E-1,-2.171263E-2
1.466794E1,-7.836214E-1,-6.233001E-2
1.470128E1,-7.043463E-1,-1.203611E-1
1.473461E1,-5.995807E-1,-1.810612E-1
1.476795E1,-4.688009E-1,-2.366716E-1
1.480129E1,-3.145570E-1,-2.863623E-1
1.483462E1,-1.537384E-1,-3.174077E-1
1.486796E1,5.484676E-2,-3.231320E-1
1.490130E1,2.274761E-1,-3.005066E-1
1.493463E1,3.819616E-1,-2.530920E-1
1.496797E1,5.078741E-1,-2.029551E-1
1.500130E1,6.212515E-1,-1.449467E-1
1.503464E1,7.143498E-1,-8.198183E-2
1.506798E1,7.726595E-1,-3.594805E-2
1.510131E1,8.029206E-1,-8.068211E-3
1.513465E1,8.071715E-1,-5.012414E-3
1.516799E1,7.845969E-1,-2.587004E-2
1.520132E1,7.347803E-1,-6.604372E-2
1.523466E1,6.519427E-1,-1.213154E-1
1.526799E1,5.455654E-1,-1.832808E-1
1.530133E1,4.110248E-1,-2.421300E-1
1.533467E1,2.547242E-1,-2.890659E-1
1.536800E1,5.833096E-2,-3.225903E-1
1.540134E1,-1.176737E-1,-3.211498E-1
1.543467E1,-2.882208E-1,-2.959226E-1
1.546801E1,-4.201623E-1,-2.562477E-1
1.550135E1,-5.814229E-1,-1.931341E-1
1.553468E1,-6.907635E-1,-1.297739E-1
1.556802E1,-7.690914E-1,-7.365033E-2
1.560136E1,-8.147433E-1,-3.752356E-2
1.563469E1,-8.449789E-1,-1.261340E-2
1.566803E1,-8.503747E-1,-7.592839E-3
1.570136E1,-8.267106E-1,-2.759949E-2
1.573470E1,-7.770890E-1,-6.800242E-2
1.576804E1,-6.981582E-1,-1.252731E-1
1.580137E1,-5.935698E-1,-1.860797E-1
1.583471E1,-4.625962E-1,-2.437206E-1
1.586805E1,-3.092759E-1,-2.912871E-1
1.590138E1,-1.761633E-1,-3.140294E-1
1.593472E1,3.579351E-2,-3.237625E-1
1.596805E1,2.069823E-1,-3.024123E-1
1.600139E1,3.645510E-1,-2.604689E-1
1.603473E1,4.971633E-1,-2.076647E-1
1.606806E1,6.169692E-1,-1.484864E-1
1.610140E1,7.079360E-1,-8.747544E-2
1.613474E1,7.581392E-1,-4.824918E-2
1.616807E1,7.935059E-1,-1.622911E-2
1.620141E1,7.967430E-1,-1.375601E-2
1.623474E1,7.737569E-1,-3.586349E-2
1.626808E1,7.298982E-1,-6.900961E-2
1.630142E1,6.515854E-1,-1.224969E-1
1.633475E1,5.481354E-1,-1.807749E-1
1.636809E1,4.181540E-1,-2.401819E-1
1.640143E1,2.449008E-1,-2.962642E-1
1.643476E1,7.377253E-2,-3.213102E-1
1.646810E1,-6.281943E-2,-3.229669E-1
1.650143E1,-2.621351E-1,-3.004580E-1
1.653477E1,-4.022025E-1,-2.621518E-1
1.656811E1,-5.385388E-1,-2.103988E-1
1.660144E1,-6.524336E-1,-1.526740E-1
1.663478E1,-7.443525E-1,-9.189196E-2
1.666812E1,-8.072765E-1,-4.454122E-2
1.670145E1,-8.354258E-1,-2.053071E-2
1.673479E1,-8.403706E-1,-1.660196E-2
1.676812E1,-8.224939E-1,-3.071079E-2
1.680146E1,-7.720556E-1,-7.147182E-2
1.683480E1,-6.965959E-1,-1.255645E-1
1.686813E1,-5.958134E-1,-1.846818E-1
1.690147E1,-4.830656E-1,-2.320833E-1
1.693481E1,-3.443792E-1,-2.868283E-1
1.696814E1,-1.798910E-1,-3.140877E-1
1.700148E1,2.356800E-2,-3.241938E-1
1.703481E1,1.936713E-1,-3.067866E-1
1.706815E1,3.498842E-1,-2.664567E-1
1.710149E1,4.721916E-1,-2.173647E-1
1.713482E1,5.876345E-1,-1.623726E-1
1.716816E1,6.814124E-1,-1.064047E-1
1.720150E1,7.488456E-1,-5.608262E-2
1.723483E1,7.807888E-1,-2.683611E-2
1.726817E1,7.897444E-1,-2.100493E-2
1.730150E1,7.685931E-1,-3.940773E-2
1.733484E1,7.199003E-1,-7.683833E-2
1.736818E1,6.415144E-1,-1.298939E-1
1.740151E1,5.357798E-1,-1.897985E-1
1.743485E1,4.030970E-1,-2.483934E-1
1.746819E1,2.503142E-1,-2.941366E-1
1.750152E1,8.059414E-2,-3.206332E-1
1.753486E1,-8.586772E-2,-3.236409E-1
1.756819E1,-2.508353E-1,-3.077388E-1
1.760153E1,-4.106573E-1,-2.634040E-1
1.763487E1,-5.421874E-1,-2.120623E-1
1.766820E1,-6.556552E-1,-1.514213E-1
1.770154E1,-7.270450E-1,-1.033902E-1
1.773487E1,-7.867457E-1,-5.860495E-2
1.776821E1,-8.198529E-1,-3.173373E-2
1.780155E1,-8.278037E-1,-2.427388E-2
1.783488E1,-8.119133E-1,-3.910344E-2
1.786822E1,-7.690155E-1,-7.264470E-2
1.790156E1,-6.984219E-1,-1.225456E-1
1.793489E1,-5.901924E-1,-1.862666E-1
1.796823E1,-4.642419E-1,-2.436716E-1
1.800156E1,-3.171833E-1,-2.896528E-1
1.803490E1,-1.762798E-1,-3.065739E-1
1.806824E1,-4.221893E-2,-3.237752E-1
1.810157E1,1.630062E-1,-3.050012E-1
1.813491E1,3.215408E-1,-2.706008E-1
1.816825E1,4.618864E-1,-2.231034E-1
1.820158E1,5.768520E-1,-1.681904E-1
1.823492E1,6.614557E-1,-1.161675E-1
1.826825E1,7.358183E-1,-6.595816E-2
1.830159E1,7.710859E-1,-3.605948E-2
1.833493E1,7.798455E-1,-2.901782E-2
1.836826E1,7.619695E-1,-4.548427E-2
1.840160E1,7.186532E-1,-7.817732E-2
1.843494E1,6.369137E-1,-1.337157E-1
1.846827E1,5.327335E-1,-1.920334E-1
1.850161E1,4.007798E-1,-2.488678E-1
1.853494E1,2.597537E-1,-2.923035E-1
1.856828E1,9.980872E-2,-3.171747E-1
1.860162E1,-6.101429E-2,-3.232656E-1
1.863495E1,-2.322547E-1,-3.037198E-1
1.866829E1,-3.819301E-1,-2.682334E-1
1.870163E1,-5.162878E-1,-2.219020E-1
1.873496E1,-6.287252E-1,-1.655152E-1
1.876830E1,-7.213277E-1,-1.082122E-1
1.880163E1,-7.869801E-1,-5.945827E-2
1.883497E1,-8.167619E-1,-3.543030E-2
1.886831E1,-8.213148E-1,-3.099667E-2
1.890164E1,-8.061229E-1,-4.460675E-2
1.893498E1,-7.635161E-1,-7.670766E-2
1.896832E1,-6.937769E-1,-1.265344E-1
1.900165E1,-5.982480E-1,-1.812457E-1
1.903499E1,-4.783680E-1,-2.372753E-1
1.906832E1,-3.170787E-1,-2.884362E-1
1.910166E1,-1.551403E-1,-3.175402E-1
1.913500E1,1.433088E-2,-3.245555E-1
1.916833E1,1.705200E-1,-3.086125E-1
1.920167E1,3.324534E-1,-2.726096E-1
1.923501E1,4.643605E-1,-2.217579E-1
1.926834E1,5.739155E-1,-1.683601E-1
1.930168E1,6.735906E-1,-1.104821E-1
1.933501E1,7.315694E-1,-6.910033E-2
1.936835E1,7.632562E-1,-4.157581E-2
1.940169E1,7.683790E-1,-3.580182E-2
1.943502E1,7.496815E-1,-5.546535E-2
1.946836E1,7.026176E-1,-9.055404E-2
1.950170E1,6.275614E-1,-1.389738E-1
1.953503E1,5.237154E-1,-1.964285E-1
1.956837E1,3.955607E-1,-2.506816E-1
1.960170E1,2.459561E-1,-2.948209E-1
1.963504E1,9.608095E-2,-3.172330E-1
1.966838E1,-6.119530E-2,-3.237094E-1
1.970171E1,-2.395937E-1,-3.112918E-1
1.973505E1,-3.791882E-1,-2.687297E-1
1.976838E1,-5.111775E-1,-2.238028E-1
1.980172E1,-6.428154E-1,-1.603537E-1
1.983506E1,-7.241910E-1,-1.080944E-1
1.986839E1,-7.796629E-1,-6.779216E-2
1.990173E1,-8.068018E-1,-4.603953E-2
1.993507E1,-8.145993E-1,-3.902819E-2
1.996840E1,-7.984731E-1,-5.159917E-2
2.000174E1,-7.549878E-1,-8.479698E-2
2.003507E1,-6.776888E-1,-1.379706E-1
2.006841E1,-5.787402E-1,-1.945247E-1
2.010175E1,-4.553664E-1,-2.476293E-1
2.013508E1,-3.331959E-1,-2.866535E-1
2.016842E1,-1.723772E-1,-3.176989E-1
2.020176E1,-4.198440E-2,-3.236828E-1
2.023509E1,1.556089E-1,-3.088455E-1
2.026843E1,3.161764E-1,-2.758881E-1
2.030176E1,4.615993E-1,-2.252689E-1
2.033510E1,5.860776E-1,-1.643977E-1
2.036844E1,6.703154E-1,-1.131069E-1
2.040177E1,7.262309E-1,-7.355118E-2
2.043511E1,7.572312E-1,-5.065446E-2
2.046845E1,7.627039E-1,-4.493937E-2
2.050178E1,7.445519E-1,-5.945389E-2
2.053512E1,6.997066E-1,-9.306782E-2
2.056845E1,6.269422E-1,-1.403801E-1
2.060179E1,5.267995E-1,-1.944658E-1
2.063513E1,4.011642E-1,-2.466354E-1
2.066846E1,2.390221E-1,-2.975770E-1
2.070180E1,7.399273E-2,-3.204776E-1
2.073514E1,-8.709648E-2,-3.234418E-1
2.076847E1,-2.397102E-1,-3.038363E-1
2.080181E1,-3.815365E-1,-2.689841E-1
2.083514E1,-5.113358E-1,-2.241138E-1
2.086848E1,-6.208233E-1,-1.717283E-1
2.090182E1,-7.097527E-1,-1.156604E-1
2.093515E1,-7.681657E-1,-7.450908E-2
2.096849E1,-7.995635E-1,-5.145155E-2
2.100183E1,-8.073386E-1,-4.508145E-2
2.103516E1,-7.894848E-1,-5.745442E-2
2.106850E1,-7.458752E-1,-9.072519E-2
2.110183E1,-6.753008E-1,-1.379976E-1
2.113517E1,-5.795437E-1,-1.921683E-1
2.116851E1,-4.450439E-1,-2.511216E-1
2.120184E1,-3.014821E-1,-2.922759E-1
2.123518E1,-1.437315E-1,-3.188206E-1
2.126852E1,-4.206267E-2,-3.228942E-1
2.130185E1,1.677304E-1,-3.074450E-1
2.133519E1,3.179685E-1,-2.751521E-1
2.136852E1,4.490940E-1,-2.284322E-1
2.140186E1,5.571486E-1,-1.782657E-1
2.143520E1,6.344134E-1,-1.302280E-1
2.146853E1,7.158706E-1,-8.327483E-2
2.150187E1,7.465053E-1,-5.781115E-2
2.153521E1,7.537780E-1,-5.131817E-2
2.156854E1,7.319943E-1,-6.828770E-2
2.160188E1,6.836273E-1,-1.045266E-1
2.163521E1,6.066810E-1,-1.525103E-1
2.166855E1,5.128657E-1,-2.015242E-1
2.170189E1,3.877707E-1,-2.512960E-1
2.173522E1,2.416786E-1,-2.911656E-1
2.176856E1,8.489762E-2,-3.174077E-1
2.180190E1,-7.000785E-2,-3.239055E-1
2.183523E1,-2.397742E-1,-3.025571E-1
2.186857E1,-3.860722E-1,-2.688764E-1
2.190190E1,-5.131350E-1,-2.241342E-1
2.193524E1,-6.212838E-1,-1.725768E-1
2.196858E1,-7.092472E-1,-1.172262E-1
2.200191E1,-7.645338E-1,-7.809318E-2
2.203525E1,-7.943118E-1,-5.599821E-2
2.206858E1,-7.995028E-1,-5.192519E-2
2.210192E1,-7.783394E-1,-6.821991E-2
2.213526E1,-7.309594E-1,-1.030558E-1
2.216859E1,-6.647892E-1,-1.449464E-1
2.220193E1,-5.677889E-1,-1.963960E-1
2.223527E1,-4.452448E-1,-2.480506E-1
2.226860E1,-3.041599E-1,-2.911045E-1
2.230194E1,-1.460818E-1,-3.142128E-1
2.233527E1,1.569550E-2,-3.216454E-1
2.236861E1,1.765831E-1,-3.070766E-1
2.240195E1,3.207762E-1,-2.757307E-1
2.243528E1,4.498293E-1,-2.285992E-1
2.246862E1,5.514852E-1,-1.792569E-1
2.250196E1,6.269090E-1,-1.357234E-1
2.253529E1,7.141394E-1,-8.219932E-2
2.256863E1,7.413392E-1,-6.141304E-2
2.260196E1,7.470934E-1,-5.601549E-2
2.263530E1,7.265846E-1,-7.344434E-2
2.266864E1,6.795236E-1,-1.076465E-1
2.270197E1,6.017260E-1,-1.557607E-1
2.273531E1,4.976571E-1,-2.083277E-1
2.276865E1,3.717943E-1,-2.582446E-1
2.280198E1,2.262635E-1,-2.950833E-1
2.283532E1,6.593731E-2,-3.181303E-1
2.286865E1,-7.413198E-2,-3.240775E-1
2.290199E1,-2.503662E-1,-3.009375E-1
2.293533E1,-3.936485E-1,-2.670450E-1
2.296866E1,-5.193695E-1,-2.221087E-1
2.300200E1,-6.271079E-1,-1.681495E-1
2.303534E1,-7.093572E-1,-1.172573E-1
2.306867E1,-7.621903E-1,-8.039832E-2
2.310201E1,-7.884262E-1,-6.063360E-2
2.313534E1,-7.926593E-1,-5.704539E-2
2.316868E1,-7.715550E-1,-7.281054E-2
2.320202E1,-7.245272E-1,-1.054458E-1
2.323535E1,-6.520744E-1,-1.528843E-1
2.326869E1,-5.431321E-1,-2.119472E-1
2.330203E1,-4.187360E-1,-2.610946E-1
2.333536E1,-2.739547E-1,-2.992767E-1
2.336870E1,-1.426133E-1,-3.135052E-1
2.340203E1,4.435575E-2,-3.237618E-1
2.343537E1,1.999491E-1,-3.040294E-1
2.346871E1,3.435609E-1,-2.691079E-1
2.350204E1,4.596292E-1,-2.246768E-1
2.353538E1,5.852491E-1,-1.644296E-1
2.356872E1,6.618995E-1,-1.175564E-1
2.360205E1,7.103012E-1,-8.248405E-2
2.363539E1,7.322859E-1,-6.409966E-2
2.366872E1,7.355335E-1,-6.203039E-2
2.370206E1,7.124624E-1,-8.112994E-2
2.373540E1,6.626168E-1,-1.169102E-1
2.376873E1,5.850538E-1,-1.644185E-1
2.380207E1,4.799212E-1,-2.145395E-1
2.383541E1,3.546869E-1,-2.630090E-1
2.386874E1,2.096973E-1,-2.973626E-1
2.390208E1,3.590941E-2,-3.235395E-1
2.393541E1,-1.248364E-1,-3.209487E-1
2.396875E1,-2.788962E-1,-2.976102E-1
2.400209E1,-4.203009E-1,-2.586912E-1
2.403542E1,-5.426510E-1,-2.106836E-1
2.406876E1,-6.397822E-1,-1.608678E-1
2.410210E1,-7.028294E-1,-1.205999E-1
2.413543E1,-7.529706E-1,-8.480409E-2
2.416877E1,-7.784858E-1,-6.582739E-2
2.420210E1,-7.796718E-1,-6.469753E-2
2.423544E1,-7.562974E-1,-8.319316E-2
2.426878E1,-7.074369E-1,-1.167733E-1
2.430211E1,-6.312184E-1,-1.639208E-1
2.433545E1,-5.312074E-1,-2.153212E-1
2.436878E1,-4.089156E-1,-2.629534E-1
2.440212E1,-2.536192E-1,-3.028975E-1
2.443546E1,-9.771130E-2,-3.236860E-1
2.446879E1,5.977726E-2,-3.224678E-1
2.450213E1,2.017087E-1,-3.015331E-1
2.453547E1,3.425458E-1,-2.674216E-1
2.456880E1,4.646348E-1,-2.217637E-1
2.460214E1,5.613663E-1,-1.747190E-1
2.463547E1,6.609685E-1,-1.188017E-1
2.466881E1,7.080589E-1,-8.588223E-2
2.470215E1,7.293874E-1,-6.960548E-2
2.473548E1,7.270064E-1,-7.003013E-2
2.476882E1,7.001195E-1,-9.196995E-2
2.480216E1,6.479716E-1,-1.282886E-1
2.483549E1,5.660444E-1,-1.738048E-1
2.486883E1,4.609431E-1,-2.228718E-1
2.490216E1,3.198065E-1,-2.763485E-1
2.493550E1,1.723388E-1,-3.095998E-1
2.496884E1,1.528131E-2,-3.244515E-1
2.500217E1,-1.248010E-1,-3.141944E-1
2.503551E1,-2.762309E-1,-2.944371E-1
2.506885E1,-4.136709E-1,-2.587037E-1
2.510218E1,-5.317399E-1,-2.151437E-1
2.513552E1,-6.466831E-1,-1.579653E-1
2.516885E1,-7.140682E-1,-1.155988E-1
2.520219E1,-7.571934E-1,-8.389448E-2
2.523553E1,-7.752274E-1,-7.095042E-2
2.526886E1,-7.727711E-1,-7.198846E-2
2.530220E1,-7.462377E-1,-9.175753E-2
2.533554E1,-6.944928E-1,-1.264186E-1
2.536887E1,-6.153790E-1,-1.743063E-1
2.540221E1,-5.123541E-1,-2.241585E-1
2.543554E1,-3.876126E-1,-2.694294E-1
2.546888E1,-2.456661E-1,-3.024094E-1
2.550222E1,-8.556103E-2,-3.207187E-1
2.553555E1,6.160804E-2,-3.197602E-1
2.556889E1,2.161113E-1,-3.007818E-1
2.560223E1,3.535367E-1,-2.645192E-1
2.563556E1,4.711312E-1,-2.163709E-1
2.566890E1,5.628936E-1,-1.725051E-1
2.570223E1,6.281329E-1,-1.313657E-1
2.573557E1,6.686293E-1,-1.099432E-1
2.576891E1,7.140345E-1,-8.221706E-2
2.580224E1,7.097045E-1,-8.312116E-2
2.583558E1,6.799932E-1,-1.055732E-1
2.586892E1,6.160575E-1,-1.464112E-1
2.590225E1,5.205921E-1,-1.975636E-1
2.593559E1,4.155573E-1,-2.444271E-1
2.596892E1,2.865342E-1,-2.841124E-1
2.600226E1,1.632779E-1,-3.081261E-1
2.603560E1,8.879395E-3,-3.226518E-1
2.606893E1,-1.468722E-1,-3.182359E-1
2.610227E1,-2.951207E-1,-2.929023E-1
2.613561E1,-4.542179E-1,-2.487367E-1
2.616894E1,-5.664493E-1,-2.014054E-1
2.620228E1,-6.537115E-1,-1.547907E-1
2.623561E1,-7.100169E-1,-1.178424E-1
2.626895E1,-7.523002E-1,-8.855612E-2
2.630229E1,-7.704663E-1,-7.522553E-2
2.633562E1,-7.645511E-1,-7.970906E-2
2.636896E1,-7.343769E-1,-1.016103E-1
2.640229E1,-6.785749E-1,-1.374315E-1
2.643563E1,-5.966842E-1,-1.848384E-1
2.646897E1,-4.906809E-1,-2.346288E-1
2.650230E1,-3.641206E-1,-2.763504E-1
2.653564E1,-2.215577E-1,-3.075840E-1
2.656898E1,-7.219001E-2,-3.214585E-1
2.660231E1,8.568564E-2,-3.152580E-1
2.663565E1,2.349501E-1,-2.956637E-1
2.666898E1,3.692236E-1,-2.586690E-1
2.670232E1,4.810340E-1,-2.144994E-1
2.673566E1,5.666473E-1,-1.714639E-1
2.676899E1,6.273742E-1,-1.351503E-1
2.680233E1,6.962649E-1,-9.519175E-2
2.683567E1,7.117008E-1,-8.357152E-2
2.686900E1,7.012480E-1,-9.101701E-2
2.690234E1,6.641752E-1,-1.163363E-1
2.693567E1,6.036499E-1,-1.551634E-1
2.696901E1,5.221806E-1,-1.964207E-1
2.700235E1,4.019902E-1,-2.498586E-1
2.703568E1,2.672512E-1,-2.884247E-1
2.706902E1,1.204065E-1,-3.165376E-1
2.710236E1,-2.988723E-2,-3.234171E-1
2.713569E1,-1.680279E-1,-3.145259E-1
2.716903E1,-3.139088E-1,-2.882798E-1
2.720236E1,-4.428431E-1,-2.509757E-1
2.723570E1,-5.729676E-1,-1.975344E-1
2.726904E1,-6.563198E-1,-1.524320E-1
2.730237E1,-7.153613E-1,-1.142490E-1
2.733571E1,-7.476410E-1,-9.195862E-2
2.736905E1,-7.617318E-1,-8.050909E-2
2.740238E1,-7.514466E-1,-8.779618E-2
2.743572E1,-7.169906E-1,-1.135526E-1
2.746905E1,-6.577051E-1,-1.493283E-1
2.750239E1,-5.728847E-1,-1.959495E-1
2.753573E1,-4.636061E-1,-2.415727E-1
2.756906E1,-3.350878E-1,-2.816024E-1
2.760240E1,-1.937978E-1,-3.105488E-1
2.763574E1,-4.466883E-2,-3.233370E-1
2.766907E1,1.152124E-1,-3.145613E-1
2.770241E1,2.568768E-1,-2.905052E-1
2.773574E1,4.153686E-1,-2.450608E-1
2.776908E1,5.259786E-1,-1.975237E-1
2.780242E1,6.101624E-1,-1.511467E-1
2.783575E1,6.619662E-1,-1.180055E-1
2.786909E1,7.021102E-1,-9.177434E-2
2.790243E1,7.108821E-1,-8.390151E-2
2.793576E1,6.946996E-1,-9.525141E-2
2.796910E1,6.591732E-1,-1.192146E-1
2.800243E1,5.942345E-1,-1.597699E-1
2.803577E1,5.026372E-1,-2.074788E-1
2.806911E1,3.893677E-1,-2.523104E-1
2.810244E1,2.564938E-1,-2.893034E-1
2.813578E1,9.666640E-2,-3.193803E-1
2.816912E1,-6.316939E-2,-3.243687E-1
2.820245E1,-2.092255E-1,-3.105072E-1
2.823579E1,-3.340990E-1,-2.819916E-1
2.826912E1,-4.594128E-1,-2.437561E-1
2.830246E1,-5.628585E-1,-1.994357E-1
2.833580E1,-6.500010E-1,-1.545588E-1
2.836913E1,-7.137164E-1,-1.134493E-1
2.840247E1,-7.462412E-1,-9.158289E-2
2.843581E1,-7.520322E-1,-8.708827E-2
2.846914E1,-7.349683E-1,-9.928928E-2
2.850248E1,-6.944843E-1,-1.266189E-1
2.853581E1,-6.288257E-1,-1.665004E-1
2.856915E1,-5.461464E-1,-2.078456E-1
2.860249E1,-4.365700E-1,-2.536802E-1
2.863582E1,-3.069889E-1,-2.916886E-1
2.866916E1,-1.630845E-1,-3.153643E-1
2.870249E1,-2.140380E-2,-3.225523E-1
2.873583E1,1.388078E-1,-3.103038E-1
2.876917E1,2.856093E-1,-2.840510E-1
2.880250E1,4.072667E-1,-2.454735E-1
2.883584E1,5.085929E-1,-2.018197E-1
2.886918E1,5.833887E-1,-1.620023E-1
2.890251E1,6.553271E-1,-1.223830E-1
2.893585E1,6.879962E-1,-1.008599E-1
2.896918E1,6.962949E-1,-9.506165E-2
2.900252E1,6.743833E-1,-1.099984E-1
2.903586E1,6.280388E-1,-1.402387E-1
2.906919E1,5.592785E-1,-1.791767E-1
2.910253E1,4.726313E-1,-2.180384E-1
2.913587E1,3.445225E-1,-2.681907E-1
2.916920E1,2.066263E-1,-3.021247E-1
2.920254E1,5.968296E-2,-3.214695E-1
2.923587E1,-6.353737E-2,-3.213508E-1
2.926921E1,-2.183964E-1,-3.054433E-1
2.930255E1,-3.776808E-1,-2.714961E-1
2.933588E1,-4.964761E-1,-2.298591E-1
2.936922E1,-5.922451E-1,-1.850341E-1
2.940256E1,-6.650889E-1,-1.438024E-1
2.943589E1,-7.130809E-1,-1.103625E-1
2.946923E1,-7.387224E-1,-9.191396E-2
2.950256E1,-7.415979E-1,-9.084486E-2
2.953590E1,-7.218092E-1,-1.044832E-1
2.956924E1,-6.793446E-1,-1.333436E-1
2.960257E1,-6.104907E-1,-1.724602E-1
2.963591E1,-5.176216E-1,-2.172523E-1
2.966925E1,-4.057852E-1,-2.629493E-1
2.970258E1,-2.739903E-1,-2.968103E-1
2.973592E1,-1.307036E-1,-3.176421E-1
2.976925E1,1.857915E-2,-3.211803E-1
2.980259E1,1.661476E-1,-3.077939E-1
2.983593E1,3.031211E-1,-2.800944E-1
2.986926E1,4.213432E-1,-2.411211E-1
2.990260E1,5.507962E-1,-1.844044E-1
2.993594E1,6.237512E-1,-1.418686E-1
2.996927E1,6.709149E-1,-1.125165E-1
3.000261E1,6.929072E-1,-9.810509E-2
3.003594E1,6.914070E-1,-9.841387E-2
3.006928E1,6.644412E-1,-1.151733E-1
3.010262E1,6.147991E-1,-1.470088E-1
3.013595E1,5.398693E-1,-1.895554E-1
3.016929E1,4.396447E-1,-2.347084E-1
3.020263E1,3.270040E-1,-2.729416E-1
3.023596E1,1.918821E-1,-3.030365E-1
3.026930E1,4.492942E-2,-3.211324E-1
3.030263E1,-1.027593E-1,-3.204517E-1
3.033597E1,-2.485196E-1,-3.031776E-1
3.036931E1,-3.804541E-1,-2.704400E-1
3.040264E1,-4.958876E-1,-2.307097E-1
3.043598E1,-5.963654E-1,-1.844418E-1
3.046932E1,-6.678859E-1,-1.434974E-1
3.050265E1,-7.143512E-1,-1.139636E-1
3.053599E1,-7.375978E-1,-9.778408E-2
3.056932E1,-7.369511E-1,-9.819026E-2
3.060266E1,-7.124017E-1,-1.149533E-1
3.063600E1,-6.627730E-1,-1.455384E-1
3.066933E1,-5.897797E-1,-1.874982E-1
3.070267E1,-4.926396E-1,-2.320794E-1
3.073600E1,-3.747475E-1,-2.727963E-1
3.076934E1,-2.411445E-1,-3.045718E-1
3.080268E1,-9.064721E-2,-3.211782E-1
3.083601E1,5.104643E-2,-3.213062E-1
3.086935E1,1.945052E-1,-3.037419E-1
3.090269E1,3.286227E-1,-2.709514E-1
3.093602E1,4.398285E-1,-2.325964E-1
3.096936E1,5.280108E-1,-1.914551E-1
3.100269E1,5.889730E-1,-1.579076E-1
3.103603E1,6.274431E-1,-1.302469E-1
3.106937E1,6.736940E-1,-1.094546E-1
3.110270E1,6.698254E-1,-1.116605E-1
3.113604E1,6.437066E-1,-1.288368E-1
3.116938E1,5.885135E-1,-1.615813E-1
3.120271E1,5.096738E-1,-2.042931E-1
3.123605E1,4.102910E-1,-2.459019E-1
3.126938E1,2.890214E-1,-2.832395E-1
3.130272E1,1.296829E-1,-3.147532E-1
3.133606E1,-2.256579E-2,-3.242492E-1
3.136939E1,-1.609782E-1,-3.186166E-1
3.140273E1,-2.806478E-1,-2.976718E-1
3.143607E1,-4.071271E-1,-2.631458E-1
3.146940E1,-5.161444E-1,-2.233720E-1
3.150274E1,-6.080057E-1,-1.786469E-1
3.153607E1,-6.737625E-1,-1.409017E-1
3.156941E1,-7.179890E-1,-1.128075E-1
3.160275E1,-7.323333E-1,-1.023430E-1
3.163608E1,-7.220695E-1,-1.092116E-1
3.166942E1,-6.936031E-1,-1.278823E-1
3.170276E1,-6.393535E-1,-1.609516E-1
3.173609E1,-5.600445E-1,-2.022054E-1
3.176943E1,-4.595663E-1,-2.458686E-1
3.180276E1,-3.382533E-1,-2.815504E-1
3.183610E1,-2.035293E-1,-3.105685E-1
3.186944E1,-6.738217E-2,-3.229220E-1
3.190277E1,8.601869E-2,-3.160510E-1
3.193611E1,2.275150E-1,-2.953618E-1
3.196945E1,3.532349E-1,-2.633217E-1
3.200278E1,4.594782E-1,-2.270343E-1
3.203612E1,5.717017E-1,-1.716445E-1
3.206945E1,6.313966E-1,-1.359083E-1
3.210279E1,6.690070E-1,-1.108606E-1
3.213613E1,6.761009E-1,-1.060999E-1
3.216946E1,6.597422E-1,-1.168911E-1
3.220280E1,6.209246E-1,-1.423227E-1
3.223614E1,5.561199E-1,-1.789230E-1
3.226947E1,4.695630E-1,-2.216495E-1
3.230281E1,3.595517E-1,-2.634012E-1
3.233614E1,2.326794E-1,-2.976529E-1
3.236948E1,9.323689E-2,-3.200845E-1
3.240282E1,-8.206061E-2,-3.239123E-1
3.243615E1,-2.241805E-1,-3.088632E-1
3.246949E1,-3.542223E-1,-2.812209E-1
3.250283E1,-4.680807E-1,-2.421046E-1
3.253616E1,-5.637949E-1,-2.006763E-1
3.256950E1,-6.377305E-1,-1.615739E-1
3.260283E1,-6.888501E-1,-1.278721E-1
3.263617E1,-7.176253E-1,-1.094926E-1
3.266951E1,-7.224528E-1,-1.055341E-1
3.270284E1,-7.039423E-1,-1.188892E-1
3.273618E1,-6.629271E-1,-1.447366E-1
3.276952E1,-5.988412E-1,-1.830305E-1
3.280285E1,-5.122526E-1,-2.241266E-1
3.283619E1,-4.052780E-1,-2.640938E-1
3.286952E1,-2.804995E-1,-2.968588E-1
3.290286E1,-1.426679E-1,-3.185513E-1
3.293620E1,7.703918E-4,-3.223606E-1
3.296953E1,1.429277E-1,-3.109525E-1
3.300287E1,3.061334E-1,-2.787150E-1
3.303620E1,4.220975E-1,-2.398005E-1
3.306954E1,5.151101E-1,-1.989973E-1
3.310288E1,5.879375E-1,-1.600004E-1
3.313621E1,6.363212E-1,-1.290486E-1
3.316955E1,6.627113E-1,-1.123765E-1
3.320289E1,6.636569E-1,-1.117475E-1
3.323622E1,6.409898E-1,-1.261132E-1
3.326956E1,5.948191E-1,-1.557818E-1
3.330289E1,5.251714E-1,-1.944876E-1
3.333623E1,4.321062E-1,-2.351545E-1
3.336957E1,3.198539E-1,-2.740991E-1
3.340290E1,1.890963E-1,-3.044273E-1
3.343624E1,2.266334E-2,-3.220716E-1
3.346958E1,-1.217364E-1,-3.207323E-1
3.350291E1,-2.595776E-1,-3.005250E-1
3.353625E1,-3.844679E-1,-2.698499E-1
3.356958E1,-4.930467E-1,-2.327540E-1
3.360292E1,-5.822450E-1,-1.912128E-1
3.363626E1,-6.499473E-1,-1.543968E-1
3.366959E1,-6.946076E-1,-1.261911E-1
3.370293E1,-7.149733E-1,-1.101269E-1
3.373627E1,-7.133543E-1,-1.114603E-1
3.376960E1,-6.892197E-1,-1.285703E-1
3.380294E1,-6.415019E-1,-1.583129E-1
3.383627E1,-5.713695E-1,-1.959280E-1
3.386961E1,-4.788018E-1,-2.371082E-1
3.390295E1,-3.646027E-1,-2.747511E-1
3.393628E1,-2.387632E-1,-3.028006E-1
3.396962E1,-1.004303E-1,-3.197543E-1
3.400296E1,4.286773E-2,-3.196963E-1
3.403629E1,1.806741E-1,-3.040500E-1
3.406963E1,3.328432E-1,-2.693000E-1
3.410296E1,4.409927E-1,-2.302176E-1
3.413630E1,5.308494E-1,-1.895423E-1
3.416964E1,5.963384E-1,-1.540372E-1
3.420297E1,6.382944E-1,-1.272815E-1
3.423631E1,6.566838E-1,-1.159532E-1
3.426965E1,6.517122E-1,-1.187698E-1
3.430298E1,6.202152E-1,-1.370817E-1
3.433632E1,5.680900E-1,-1.676135E-1
3.436965E1,4.916891E-1,-2.074691E-1
3.440299E1,3.944218E-1,-2.479735E-1
3.443633E1,2.792610E-1,-2.832114E-1
3.446966E1,1.453422E-1,-3.100605E-1
3.450300E1,-2.293615E-2,-3.215232E-1
3.453634E1,-1.623979E-1,-3.140419E-1
3.456967E1,-2.948974E-1,-2.923851E-1
3.460301E1,-4.139431E-1,-2.598164E-1
3.463634E1,-5.148877E-1,-2.214912E-1
3.466968E1,-5.970944E-1,-1.812683E-1
3.470302E1,-6.569162E-1,-1.477436E-1
3.473635E1,-6.942611E-1,-1.228838E-1
3.476969E1,-7.084700E-1,-1.147521E-1
3.480303E1,-7.000740E-1,-1.202943E-1
3.483636E1,-6.690763E-1,-1.410698E-1
3.486970E1,-6.152441E-1,-1.730673E-1
3.490303E1,-5.375950E-1,-2.118717E-1
3.493637E1,-4.385706E-1,-2.526524E-1
3.496971E1,-3.232848E-1,-2.873746E-1
3.500304E1,-1.934007E-1,-3.115293E-1
3.503638E1,-5.492596E-2,-3.225815E-1
3.506972E1,8.588172E-2,-3.174875E-1
3.510305E1,2.402119E-1,-2.931990E-1
3.513639E1,3.610707E-1,-2.588551E-1
3.516972E1,4.623856E-1,-2.201578E-1
3.520306E1,5.440027E-1,-1.811677E-1
3.523640E1,6.036637E-1,-1.484929E-1
3.526973E1,6.363700E-1,-1.261660E-1
3.530307E1,6.476692E-1,-1.188647E-1
3.533640E1,6.344325E-1,-1.274464E-1
3.536974E1,5.988288E-1,-1.496738E-1
3.540308E1,5.394746E-1,-1.834787E-1
3.543641E1,4.548254E-1,-2.233952E-1
3.546975E1,3.510956E-1,-2.630144E-1
3.550309E1,2.307475E-1,-2.952797E-1
3.553642E1,9.593962E-2,-3.161442E-1
3.556976E1,-6.718069E-2,-3.217394E-1
3.560309E1,-2.038493E-1,-3.101278E-1
3.563643E1,-3.296618E-1,-2.862993E-1
3.566977E1,-4.429518E-1,-2.521600E-1
3.570310E1,-5.406412E-1,-2.120749E-1
3.573644E1,-6.142908E-1,-1.741508E-1
3.576978E1,-6.675556E-1,-1.433102E-1
3.580311E1,-6.968127E-1,-1.239476E-1
3.583645E1,-7.043108E-1,-1.197807E-1
3.586978E1,-6.878220E-1,-1.292723E-1
3.590312E1,-6.495882E-1,-1.536338E-1
3.593646E1,-5.886199E-1,-1.872430E-1
3.596979E1,-5.049787E-1,-2.262871E-1
3.600313E1,-4.009739E-1,-2.651507E-1
3.603647E1,-2.815795E-1,-2.952452E-1
3.606980E1,-1.474049E-1,-3.154528E-1
3.610314E1,-1.368166E-2,-3.205415E-1
3.613647E1,1.568339E-1,-3.075154E-1
3.616981E1,2.880110E-1,-2.805630E-1
3.620315E1,3.948693E-1,-2.455085E-1
3.623648E1,4.870735E-1,-2.078670E-1
3.626982E1,5.600111E-1,-1.715128E-1
3.630316E1,6.109122E-1,-1.428841E-1
3.633649E1,6.369722E-1,-1.242949E-1
3.636983E1,6.398612E-1,-1.229550E-1
3.640316E1,6.201097E-1,-1.362154E-1
3.643650E1,5.754291E-1,-1.613708E-1
3.646984E1,5.091122E-1,-1.967046E-1
3.650317E1,4.192569E-1,-2.366651E-1
3.653651E1,3.116908E-1,-2.728168E-1
3.656985E1,1.869895E-1,-3.027001E-1
3.660318E1,3.558577E-2,-3.184588E-1
3.663652E1,-1.144626E-1,-3.177750E-1
3.666985E1,-2.415698E-1,-3.024286E-1
3.670319E1,-3.650831E-1,-2.741802E-1
3.673653E1,-4.743661E-1,-2.387976E-1
3.676986E1,-5.622892E-1,-2.006044E-1
3.680320E1,-6.284781E-1,-1.658167E-1
3.683654E1,-6.723372E-1,-1.391031E-1
3.686987E1,-6.947394E-1,-1.257171E-1
3.690321E1,-6.950012E-1,-1.261740E-1
3.693654E1,-6.714118E-1,-1.395099E-1
3.696988E1,-6.259663E-1,-1.674925E-1
3.700322E1,-5.577983E-1,-2.021816E-1
3.703655E1,-4.682220E-1,-2.415311E-1
3.706989E1,-3.584696E-1,-2.765417E-1
3.710323E1,-2.357916E-1,-3.036952E-1
3.713656E1,-1.038301E-1,-3.189054E-1
3.716990E1,3.502935E-2,-3.193397E-1
3.720323E1,1.684144E-1,-3.040622E-1
3.723657E1,3.211400E-1,-2.711784E-1
3.726991E1,4.261247E-1,-2.333184E-1
3.730324E1,5.089263E-1,-1.970251E-1
3.733658E1,5.708378E-1,-1.646438E-1
3.736991E1,6.142534E-1,-1.403754E-1
3.740325E1,6.323927E-1,-1.283319E-1
3.743659E1,6.274589E-1,-1.305014E-1
3.746992E1,6.003672E-1,-1.486133E-1
3.750326E1,5.483477E-1,-1.773842E-1
3.753660E1,4.742811E-1,-2.137816E-1
3.756993E1,3.801888E-1,-2.511250E-1
3.760327E1,2.645678E-1,-2.846648E-1
3.763660E1,1.348140E-1,-3.100576E-1
3.766994E1,-2.628256E-2,-3.220898E-1
3.770328E1,-1.619950E-1,-3.153584E-1
3.773661E1,-2.922007E-1,-2.938915E-1
3.776995E1,-4.061100E-1,-2.647621E-1
3.780329E1,-5.062787E-1,-2.266229E-1
3.783662E1,-5.860081E-1,-1.903773E-1
3.786996E1,-6.433258E-1,-1.582347E-1
3.790329E1,-6.753891E-1,-1.388344E-1
3.793663E1,-6.916865E-1,-1.278427E-1
3.796997E1,-6.868505E-1,-1.313860E-1
3.800330E1,-6.625842E-1,-1.468576E-1
3.803664E1,-6.122890E-1,-1.740369E-1
3.806998E1,-5.402618E-1,-2.102169E-1
3.810331E1,-4.472595E-1,-2.479979E-1
3.813665E1,-3.368951E-1,-2.810407E-1
3.816998E1,-2.124185E-1,-3.073547E-1
3.820332E1,-7.628752E-2,-3.190599E-1
3.823666E1,5.702278E-2,-3.162651E-1
3.826999E1,1.895752E-1,-3.005289E-1
3.830333E1,3.096503E-1,-2.727783E-1
3.833667E1,4.101953E-1,-2.390203E-1
3.837000E1,4.894957E-1,-2.045019E-1
3.840334E1,5.716509E-1,-1.650528E-1
3.843667E1,6.092905E-1,-1.434070E-1
3.847001E1,6.260680E-1,-1.330251E-1
3.850335E1,6.186458E-1,-1.380887E-1
3.853668E1,5.880217E-1,-1.559769E-1
3.857002E1,5.317600E-1,-1.870422E-1
3.860336E1,4.507655E-1,-2.230179E-1
3.863669E1,3.528375E-1,-2.590262E-1
3.867003E1,2.368704E-1,-2.908243E-1
3.870336E1,1.111799E-1,-3.115260E-1
3.873670E1,-3.464212E-2,-3.203259E-1
3.877004E1,-1.615377E-1,-3.133030E-1
3.880337E1,-2.890609E-1,-2.923263E-1
3.883671E1,-4.044773E-1,-2.636684E-1
3.887005E1,-5.015705E-1,-2.288427E-1
3.890338E1,-5.870071E-1,-1.898105E-1
3.893672E1,-6.430279E-1,-1.609192E-1
3.897005E1,-6.766434E-1,-1.400604E-1
3.900339E1,-6.876166E-1,-1.337737E-1
3.903673E1,-6.762139E-1,-1.393620E-1
3.907006E1,-6.410447E-1,-1.604232E-1
3.910340E1,-5.844129E-1,-1.907755E-1
3.913674E1,-5.037074E-1,-2.271171E-1
3.917007E1,-4.041034E-1,-2.623064E-1
3.920341E1,-2.891272E-1,-2.927652E-1
3.923674E1,-1.603993E-1,-3.128041E-1
3.927008E1,-3.556765E-2,-3.209730E-1
3.930342E1,1.107288E-1,-3.128015E-1
3.933675E1,2.348626E-1,-2.908298E-1
3.937009E1,3.482076E-1,-2.598134E-1
3.940343E1,4.385339E-1,-2.271483E-1
3.943676E1,5.097858E-1,-1.951808E-1
3.947010E1,5.816359E-1,-1.597520E-1
3.950343E1,6.110135E-1,-1.421438E-1
3.953677E1,6.181163E-1,-1.378710E-1
3.957011E1,6.023883E-1,-1.475116E-1
3.960344E1,5.620370E-1,-1.706889E-1
3.963678E1,4.978150E-1,-2.025589E-1
3.967011E1,4.106389E-1,-2.393859E-1
3.970345E1,3.063113E-1,-2.749576E-1
3.973679E1,1.861688E-1,-3.015231E-1
3.977012E1,5.439429E-2,-3.176725E-1
3.980346E1,-7.424705E-2,-3.192594E-1
3.983680E1,-2.121032E-1,-3.073192E-1
3.987013E1,-3.340824E-1,-2.826616E-1
3.990347E1,-4.422539E-1,-2.520487E-1
3.993680E1,-5.365293E-1,-2.137657E-1
3.997014E1,-6.079339E-1,-1.794850E-1
4.000348E1,-6.533982E-1,-1.541955E-1
4.003681E1,-6.795060E-1,-1.385768E-1
4.007015E1,-6.815914E-1,-1.382376E-1
4.010349E1,-6.615761E-1,-1.492352E-1
4.013682E1,-6.191820E-1,-1.737923E-1
4.017016E1,-5.518786E-1,-2.065269E-1
4.020349E1,-4.631295E-1,-2.426450E-1
4.023683E1,-3.579984E-1,-2.763890E-1
4.027017E1,-2.386635E-1,-3.025359E-1
4.030350E1,-1.049746E-1,-3.184278E-1
4.033684E1,2.567959E-2,-3.184499E-1
4.037018E1,1.565062E-1,-3.057933E-1
4.040351E1,2.764142E-1,-2.817794E-1
4.043685E1,3.794301E-1,-2.505524E-1
4.047018E1,4.615218E-1,-2.164338E-1
4.050352E1,5.226420E-1,-1.875799E-1
4.053686E1,5.869249E-1,-1.544508E-1
4.057019E1,6.080507E-1,-1.419077E-1
4.060353E1,6.062429E-1,-1.451643E-1
4.063687E1,5.810982E-1,-1.590675E-1
4.067020E1,5.326544E-1,-1.853144E-1
4.070354E1,4.575487E-1,-2.179945E-1
4.073687E1,3.657017E-1,-2.536642E-1
4.077021E1,2.554729E-1,-2.864397E-1
4.080355E1,1.321657E-1,-3.094168E-1
4.083688E1,4.670525E-4,-3.200756E-1
4.087022E1,-1.325560E-1,-3.165624E-1
4.090356E1,-2.596570E-1,-3.000436E-1
4.093689E1,-3.759673E-1,-2.721366E-1
4.097023E1,-4.771322E-1,-2.387218E-1
4.100356E1,-5.624671E-1,-2.022285E-1
4.103690E1,-6.222408E-1,-1.712674E-1
4.107024E1,-6.600968E-1,-1.504174E-1
4.110357E1,-6.757474E-1,-1.411876E-1
4.113691E1,-6.685687E-1,-1.446061E-1
4.117025E1,-6.393053E-1,-1.612427E-1
4.120358E1,-5.869137E-1,-1.889050E-1
4.123692E1,-5.125857E-1,-2.235033E-1
4.127025E1,-4.184232E-1,-2.588927E-1
4.130359E1,-3.076461E-1,-2.904210E-1
4.133693E1,-1.842426E-1,-3.109956E-1
4.137026E1,-5.292080E-2,-3.205167E-1
4.140360E1,7.661345E-2,-3.149099E-1
4.143694E1,2.046599E-1,-2.974461E-1
4.147027E1,3.166576E-1,-2.698559E-1
4.150361E1,4.102795E-1,-2.381707E-1
4.153694E1,4.821277E-1,-2.056689E-1
4.157028E1,5.613228E-1,-1.708433E-1
4.160362E1,5.943317E-1,-1.528976E-1
4.163695E1,6.049659E-1,-1.471406E-1
4.167029E1,5.933904E-1,-1.531984E-1
4.170363E1,5.585105E-1,-1.713274E-1
4.173696E1,5.015592E-1,-2.016679E-1
4.177030E1,4.180111E-1,-2.383023E-1
4.180363E1,3.186128E-1,-2.703602E-1
4.183697E1,2.028227E-1,-2.976101E-1
4.187031E1,7.332016E-2,-3.151625E-1
4.190364E1,-5.649113E-2,-3.192342E-1
4.193698E1,-1.838916E-1,-3.097168E-1
4.197031E1,-3.049561E-1,-2.889825E-1
4.200365E1,-4.131237E-1,-2.588065E-1
4.203699E1,-5.071369E-1,-2.239666E-1
4.207032E1,-5.829582E-1,-1.900550E-1
4.210366E1,-6.330664E-1,-1.632317E-1
4.213700E1,-6.604826E-1,-1.475342E-1
4.217033E1,-6.662081E-1,-1.439789E-1
4.220367E1,-6.503735E-1,-1.537649E-1
4.223700E1,-6.128696E-1,-1.743931E-1
4.227034E1,-5.519980E-1,-2.042894E-1
4.230368E1,-4.686840E-1,-2.391367E-1
4.233701E1,-3.689319E-1,-2.717654E-1
4.237035E1,-2.529849E-1,-2.988433E-1
4.240369E1,-1.257468E-1,-3.153135E-1
4.243702E1,4.497451E-3,-3.185852E-1
4.247036E1,1.337221E-1,-3.067845E-1
4.250369E1,2.521285E-1,-2.847568E-1
4.253703E1,3.564098E-1,-2.564560E-1
4.257037E1,4.395877E-1,-2.241034E-1
4.260370E1,5.039875E-1,-1.961171E-1
4.263704E1,5.716161E-1,-1.635780E-1
4.267038E1,5.950248E-1,-1.509653E-1
4.270371E1,5.957080E-1,-1.501513E-1
4.273705E1,5.741848E-1,-1.617965E-1
4.277038E1,5.294574E-1,-1.863844E-1
4.280372E1,4.616432E-1,-2.170979E-1
4.283706E1,3.745428E-1,-2.514625E-1
4.287039E1,2.684301E-1,-2.822192E-1
4.290373E1,1.489956E-1,-3.058132E-1
4.293707E1,1.933008E-2,-3.187311E-1
4.297040E1,-1.090208E-1,-3.175674E-1
4.300374E1,-2.358008E-1,-3.034304E-1
4.303707E1,-3.511248E-1,-2.775007E-1
4.307041E1,-4.523270E-1,-2.475003E-1
4.310375E1,-5.394800E-1,-2.120867E-1
4.313708E1,-6.023183E-1,-1.818896E-1
4.317042E1,-6.432487E-1,-1.603004E-1
4.320376E1,-6.613677E-1,-1.495667E-1
4.323709E1,-6.577932E-1,-1.508782E-1
4.327043E1,-6.323784E-1,-1.660954E-1
4.330376E1,-5.856041E-1,-1.900158E-1
4.333710E1,-5.148691E-1,-2.228331E-1
4.337044E1,-4.243328E-1,-2.561909E-1
4.340377E1,-3.178752E-1,-2.867509E-1
4.343711E1,-1.984150E-1,-3.090960E-1
4.347045E1,-7.417718E-2,-3.187542E-1
4.350378E1,5.739996E-2,-3.159361E-1
4.353712E1,1.816001E-1,-3.016082E-1
4.357045E1,2.931188E-1,-2.760580E-1
4.360379E1,3.875419E-1,-2.457795E-1
4.363713E1,4.619918E-1,-2.156025E-1
4.367046E1,5.162385E-1,-1.908007E-1
4.370380E1,5.732552E-1,-1.609656E-1
4.373714E1,5.874492E-1,-1.538069E-1
4.377047E1,5.800784E-1,-1.592279E-1
4.380381E1,5.480102E-1,-1.772569E-1
4.383714E1,4.965140E-1,-2.029595E-1
4.387048E1,4.177837E-1,-2.372482E-1
4.390382E1,3.233975E-1,-2.693912E-1
4.393715E1,2.121648E-1,-2.957134E-1
4.397049E1,8.953839E-2,-3.137187E-1
4.400382E1,-4.384739E-2,-3.194530E-1
4.403716E1,-1.662071E-1,-3.144836E-1
4.407050E1,-2.857791E-1,-2.943514E-1
4.410383E1,-3.937098E-1,-2.684966E-1
4.413717E1,-4.888613E-1,-2.345564E-1
4.417051E1,-5.653203E-1,-2.014492E-1
4.420384E1,-6.175057E-1,-1.749414E-1
4.423718E1,-6.480041E-1,-1.581393E-1
4.427051E1,-6.564099E-1,-1.531018E-1
4.430385E1,-6.434466E-1,-1.601219E-1
4.433719E1,-6.102749E-1,-1.796698E-1
4.437052E1,-5.521836E-1,-2.067276E-1
4.440386E1,-4.727420E-1,-2.403099E-1
4.443720E1,-3.755522E-1,-2.721085E-1
4.447053E1,-2.634940E-1,-2.987849E-1
4.450387E1,-1.403985E-1,-3.146676E-1
4.453720E1,-1.130857E-2,-3.198454E-1
4.457054E1,1.152333E-1,-3.111739E-1
4.460388E1,2.319157E-1,-2.916554E-1
4.463721E1,3.368266E-1,-2.654737E-1
4.467055E1,4.208160E-1,-2.350261E-1
4.470389E1,5.077574E-1,-1.982953E-1
4.473722E1,5.572085E-1,-1.724993E-1
4.477056E1,5.802785E-1,-1.592928E-1
4.480389E1,5.854364E-1,-1.579361E-1
4.483723E1,5.662798E-1,-1.675868E-1
4.487057E1,5.258418E-1,-1.893821E-1
4.490390E1,4.614771E-1,-2.172082E-1
4.493724E1,3.751769E-1,-2.516449E-1
4.497058E1,2.733323E-1,-2.823673E-1
4.500391E1,1.564963E-1,-3.057654E-1
4.503725E1,3.143285E-2,-3.183586E-1
4.507058E1,-9.005354E-2,-3.191031E-1
4.510392E1,-2.189532E-1,-3.065633E-1
4.513726E1,-3.326507E-1,-2.835023E-1
4.517059E1,-4.329490E-1,-2.544563E-1
4.520393E1,-5.213497E-1,-2.197086E-1
4.523727E1,-5.852813E-1,-1.908480E-1
4.527060E1,-6.268889E-1,-1.685838E-1
4.530394E1,-6.479758E-1,-1.573470E-1
4.533727E1,-6.472004E-1,-1.583605E-1
4.537061E1,-6.243677E-1,-1.705760E-1
4.540395E1,-5.805040E-1,-1.926014E-1
4.543728E1,-5.127886E-1,-2.233833E-1
4.547062E1,-4.256761E-1,-2.559078E-1
4.550396E1,-3.224155E-1,-2.861257E-1
4.553729E1,-2.057620E-1,-3.082899E-1
4.557063E1,-7.890807E-2,-3.194408E-1
4.560396E1,4.519440E-2,-3.174974E-1
4.563730E1,1.671597E-1,-3.038546E-1
4.567064E1,2.776560E-1,-2.796842E-1
4.570397E1,3.723409E-1,-2.511631E-1
4.573731E1,4.456550E-1,-2.223527E-1
4.577065E1,4.992903E-1,-1.964813E-1
4.580398E1,5.596292E-1,-1.710115E-1
4.583732E1,5.740252E-1,-1.609447E-1
4.587065E1,5.692652E-1,-1.653283E-1
4.590399E1,5.398749E-1,-1.806866E-1
4.593733E1,4.900079E-1,-2.060695E-1
4.597066E1,4.143431E-1,-2.381102E-1
4.600400E1,3.239649E-1,-2.694073E-1
4.603734E1,2.162525E-1,-2.948638E-1
4.607067E1,9.772690E-2,-3.145864E-1
4.610401E1,-3.582255E-2,-3.211812E-1
4.613734E1,-1.539613E-1,-3.148879E-1
4.617068E1,-2.722624E-1,-2.975951E-1
4.620402E1,-3.787091E-1,-2.706956E-1
4.623735E1,-4.742544E-1,-2.395464E-1
4.627069E1,-5.504057E-1,-2.074823E-1
4.630402E1,-6.027154E-1,-1.828299E-1
4.633736E1,-6.337298E-1,-1.659621E-1
4.637070E1,-6.441336E-1,-1.603139E-1
4.640403E1,-6.331025E-1,-1.665008E-1
4.643737E1,-6.010489E-1,-1.836923E-1
4.647071E1,-5.454167E-1,-2.099873E-1
4.650404E1,-4.696500E-1,-2.413939E-1
4.653738E1,-3.755396E-1,-2.720880E-1
4.657071E1,-2.660184E-1,-2.979380E-1
4.660405E1,-1.461942E-1,-3.144489E-1
4.663739E1,-3.097903E-2,-3.209159E-1
4.667072E1,1.057229E-1,-3.121143E-1
4.670406E1,2.202164E-1,-2.957181E-1
4.673740E1,3.215938E-1,-2.695188E-1
4.677073E1,4.054210E-1,-2.392895E-1
4.680407E1,4.699577E-1,-2.118699E-1
4.683740E1,5.371243E-1,-1.838156E-1
4.687074E1,5.632985E-1,-1.673931E-1
4.690408E1,5.685375E-1,-1.650284E-1
4.693741E1,5.533307E-1,-1.741900E-1
4.697075E1,5.125912E-1,-1.956047E-1
4.700409E1,4.534983E-1,-2.219929E-1
4.703742E1,3.705550E-1,-2.528054E-1
4.707076E1,2.703496E-1,-2.828743E-1
4.710409E1,1.579314E-1,-3.068323E-1
4.713743E1,3.576551E-2,-3.181552E-1
4.717077E1,-8.322170E-2,-3.189550E-1
4.720410E1,-2.101862E-1,-3.077987E-1
4.723744E1,-3.220810E-1,-2.868753E-1
4.727078E1,-4.212078E-1,-2.587840E-1
4.730411E1,-5.075161E-1,-2.253092E-1
4.733745E1,-5.724370E-1,-1.968142E-1
4.737078E1,-6.132532E-1,-1.773325E-1
4.740412E1,-6.346249E-1,-1.658937E-1
4.743746E1,-6.349852E-1,-1.661933E-1
4.747079E1,-6.133742E-1,-1.777956E-1
4.750413E1,-5.718522E-1,-1.975354E-1
4.753747E1,-5.070933E-1,-2.269247E-1
4.757080E1,-4.214424E-1,-2.588491E-1
4.760414E1,-3.206386E-1,-2.873113E-1
4.763747E1,-2.075422E-1,-3.084975E-1
4.767081E1,-8.355831E-2,-3.190616E-1
4.770415E1,3.808505E-2,-3.189899E-1
4.773748E1,1.571183E-1,-3.057164E-1
4.777082E1,2.658038E-1,-2.834020E-1
4.780416E1,3.586908E-1,-2.562907E-1
4.783749E1,4.331850E-1,-2.282086E-1
4.787083E1,5.108525E-1,-1.961489E-1
4.790416E1,5.476209E-1,-1.764988E-1
4.793750E1,5.640534E-1,-1.665649E-1
4.797084E1,5.580395E-1,-1.706765E-1
4.800417E1,5.321540E-1,-1.852349E-1
4.803751E1,4.827277E-1,-2.081034E-1
4.807085E1,4.097029E-1,-2.395490E-1
4.810418E1,3.194985E-1,-2.697172E-1
4.813752E1,2.142346E-1,-2.957623E-1
4.817085E1,9.855770E-2,-3.125876E-1
4.820419E1,-3.016056E-2,-3.213260E-1
4.823753E1,-1.478814E-1,-3.151084E-1
4.827086E1,-2.629299E-1,-2.986402E-1
4.830420E1,-3.688194E-1,-2.747843E-1
4.833753E1,-4.617355E-1,-2.431914E-1
4.837087E1,-5.368281E-1,-2.135208E-1
4.840421E1,-5.900558E-1,-1.888718E-1
4.843754E1,-6.220092E-1,-1.726595E-1
4.847088E1,-6.323671E-1,-1.663636E-1
4.850422E1,-6.219604E-1,-1.723043E-1
4.853755E1,-5.901628E-1,-1.891175E-1
4.857089E1,-5.375729E-1,-2.135368E-1
4.860422E1,-4.612062E-1,-2.427700E-1
4.863756E1,-3.697909E-1,-2.742617E-1
4.867090E1,-2.630944E-1,-2.987857E-1
4.870423E1,-1.459943E-1,-3.151179E-1
4.873757E1,-2.926737E-2,-3.211866E-1
4.877091E1,9.938662E-2,-3.137052E-1
4.880424E1,2.114807E-1,-2.964572E-1
4.883758E1,3.125345E-1,-2.722829E-1
4.887091E1,3.952242E-1,-2.446036E-1
4.890425E1,4.786861E-1,-2.106581E-1
4.893759E1,5.273673E-1,-1.890817E-1
4.897092E1,5.544836E-1,-1.736079E-1
4.900426E1,5.587687E-1,-1.708304E-1
4.903760E1,5.433124E-1,-1.795991E-1
4.907093E1,5.056936E-1,-1.983070E-1
4.910427E1,4.451199E-1,-2.258672E-1
4.913760E1,3.640197E-1,-2.554887E-1
4.917094E1,2.659055E-1,-2.831780E-1
4.920428E1,1.560410E-1,-3.050008E-1
4.923761E1,3.616406E-2,-3.177768E-1
4.927095E1,-8.070524E-2,-3.184856E-1
4.930429E1,-2.043832E-1,-3.073305E-1
4.933762E1,-3.133507E-1,-2.862419E-1
4.937096E1,-4.112589E-1,-2.591518E-1
4.940429E1,-4.967588E-1,-2.290650E-1
4.943763E1,-5.598617E-1,-2.021803E-1
4.947097E1,-6.010238E-1,-1.812731E-1
4.950430E1,-6.217484E-1,-1.707110E-1
4.953764E1,-6.216392E-1,-1.699248E-1
4.957098E1,-6.002335E-1,-1.815860E-1
4.960431E1,-5.586564E-1,-2.015848E-1
4.963765E1,-4.952426E-1,-2.288786E-1
4.967098E1,-4.118402E-1,-2.599210E-1
4.970432E1,-3.122941E-1,-2.866484E-1
4.973766E1,-2.013406E-1,-3.077184E-1
4.977099E1,-8.050774E-2,-3.188112E-1
4.980433E1,3.838302E-2,-3.178781E-1
4.983767E1,1.551520E-1,-3.052709E-1
4.987100E1,2.620145E-1,-2.833403E-1
4.990434E1,3.517278E-1,-2.567930E-1
4.993767E1,4.267072E-1,-2.325642E-1
4.997101E1,5.008021E-1,-1.996670E-1
5.000435E1,5.381791E-1,-1.811380E-1
5.003768E1,5.541395E-1,-1.727858E-1
5.007102E1,5.482699E-1,-1.759711E-1
5.010436E1,5.212360E-1,-1.906922E-1
5.013769E1,4.728266E-1,-2.133790E-1
5.017103E1,3.994437E-1,-2.424350E-1
5.020436E1,3.112225E-1,-2.707507E-1
5.023770E1,2.086451E-1,-2.958091E-1
5.027104E1,9.396948E-2,-3.112757E-1
5.030437E1,-3.008746E-2,-3.187978E-1
5.033771E1,-1.451684E-1,-3.136075E-1
5.037105E1,-2.586672E-1,-2.980070E-1
5.040438E1,-3.615076E-1,-2.745464E-1
5.043772E1,-4.531620E-1,-2.459505E-1
5.047105E1,-5.251383E-1,-2.175205E-1
5.050439E1,-5.762451E-1,-1.944595E-1
5.053773E1,-6.079606E-1,-1.779587E-1
5.057106E1,-6.187273E-1,-1.723598E-1
5.060440E1,-6.077193E-1,-1.780986E-1
5.063773E1,-5.758590E-1,-1.948883E-1
5.067107E1,-5.244446E-1,-2.179932E-1
5.070441E1,-4.502604E-1,-2.464518E-1
5.073774E1,-3.591105E-1,-2.750380E-1
5.077108E1,-2.538812E-1,-2.987342E-1
5.080442E1,-1.392583E-1,-3.150329E-1
5.083775E1,-2.637883E-2,-3.190561E-1
5.087109E1,1.002714E-1,-3.118271E-1
5.090442E1,2.100234E-1,-2.960922E-1
5.093776E1,3.084119E-1,-2.735255E-1
5.097110E1,3.883897E-1,-2.455813E-1
5.100443E1,4.707504E-1,-2.138119E-1
5.103777E1,5.147882E-1,-1.951929E-1
5.107111E1,5.425793E-1,-1.796433E-1
5.110444E1,5.467630E-1,-1.774248E-1
5.113778E1,5.297348E-1,-1.865588E-1
5.117111E1,4.912495E-1,-2.050356E-1
5.120445E1,4.334722E-1,-2.310453E-1
5.123779E1,3.512601E-1,-2.603601E-1
5.127112E1,2.554573E-1,-2.866215E-1
5.130446E1,1.461291E-1,-3.076395E-1
5.133780E1,2.926784E-2,-3.203547E-1
5.137113E1,-8.386154E-2,-3.191780E-1
5.140447E1,-2.058668E-1,-3.077530E-1
5.143780E1,-3.125182E-1,-2.880699E-1
5.147114E1,-4.063254E-1,-2.632837E-1
5.150448E1,-4.909297E-1,-2.335285E-1
5.153781E1,-5.510225E-1,-2.066528E-1
5.157115E1,-5.906928E-1,-1.888162E-1
5.160449E1,-6.116707E-1,-1.779975E-1
5.163782E1,-6.112012E-1,-1.782958E-1
5.167116E1,-5.898626E-1,-1.894977E-1
5.170449E1,-5.469456E-1,-2.099266E-1
5.173783E1,-4.842740E-1,-2.359921E-1
5.177117E1,-4.010277E-1,-2.650034E-1
5.180450E1,-3.031427E-1,-2.907716E-1
5.183784E1,-1.933271E-1,-3.106175E-1
5.187118E1,-7.494049E-2,-3.206417E-1
5.190451E1,4.118427E-2,-3.189298E-1
5.193785E1,1.555495E-1,-3.073294E-1
5.197118E1,2.578832E-1,-2.849037E-1
5.200452E1,3.462274E-1,-2.591484E-1
5.203786E1,4.164095E-1,-2.345485E-1
5.207119E1,4.925078E-1,-2.042066E-1
5.210453E1,5.266994E-1,-1.873691E-1
5.213787E1,5.406206E-1,-1.782113E-1
5.217120E1,5.334110E-1,-1.827246E-1
5.220454E1,5.044699E-1,-1.971246E-1
5.223787E1,4.585032E-1,-2.184126E-1
5.227121E1,3.873567E-1,-2.462109E-1
5.230455E1,2.987239E-1,-2.755010E-1
5.233788E1,1.968244E-1,-2.979148E-1
5.237122E1,8.411914E-2,-3.147151E-1
5.240456E1,-3.792232E-2,-3.191419E-1
5.243789E1,-1.503126E-1,-3.130382E-1
5.247123E1,-2.607267E-1,-2.977909E-1
5.250456E1,-3.601790E-1,-2.749063E-1
5.253790E1,-4.498426E-1,-2.465424E-1
5.257124E1,-5.203740E-1,-2.190853E-1
5.260457E1,-5.695824E-1,-1.962796E-1
5.263791E1,-5.995017E-1,-1.813110E-1
5.267125E1,-6.073830E-1,-1.777584E-1
5.270458E1,-5.953668E-1,-1.839474E-1
5.273792E1,-5.628267E-1,-2.004808E-1
5.277125E1,-5.093715E-1,-2.234960E-1
5.280459E1,-4.365057E-1,-2.519061E-1
5.283793E1,-3.456744E-1,-2.797761E-1
5.287126E1,-2.433244E-1,-3.022258E-1
5.290460E1,-1.293026E-1,-3.169008E-1
5.293793E1,-1.487732E-2,-3.190502E-1
5.297127E1,1.054375E-1,-3.112162E-1
5.300461E1,2.116986E-1,-2.965000E-1
5.303794E1,3.075656E-1,-2.729882E-1
5.307128E1,3.847863E-1,-2.462017E-1
5.310462E1,4.676517E-1,-2.158016E-1
5.313795E1,5.087734E-1,-1.962636E-1
5.317129E1,5.328542E-1,-1.854084E-1
5.320462E1,5.338398E-1,-1.835089E-1
5.323796E1,5.160692E-1,-1.926996E-1
5.327130E1,4.770833E-1,-2.105530E-1
5.330463E1,4.179568E-1,-2.364033E-1
5.333797E1,3.364313E-1,-2.644836E-1
5.337131E1,2.405663E-1,-2.896775E-1
5.340464E1,1.335808E-1,-3.092810E-1
5.343798E1,1.851165E-2,-3.193292E-1
5.347131E1,-9.438344E-2,-3.188444E-1
5.350465E1,-2.116267E-1,-3.075353E-1
5.353799E1,-3.152351E-1,-2.876317E-1
5.357132E1,-4.091506E-1,-2.603849E-1
5.360466E1,-4.874996E-1,-2.342764E-1
5.363800E1,-5.453872E-1,-2.091849E-1
5.367133E1,-5.837036E-1,-1.918254E-1
5.370467E1,-6.011695E-1,-1.822400E-1
5.373800E1,-5.987349E-1,-1.838297E-1
5.377134E1,-5.759148E-1,-1.953733E-1
5.380468E1,-5.322533E-1,-2.158209E-1
5.383801E1,-4.684562E-1,-2.411350E-1
5.387135E1,-3.862134E-1,-2.689682E-1
5.390469E1,-2.887512E-1,-2.932788E-1
5.393802E1,-1.806080E-1,-3.127596E-1
5.397136E1,-6.973697E-2,-3.189197E-1
5.400469E1,4.958778E-2,-3.175093E-1
5.403803E1,1.606718E-1,-3.043071E-1
5.407137E1,2.603141E-1,-2.852521E-1
5.410470E1,3.457420E-1,-2.609188E-1
5.413804E1,4.125539E-1,-2.360542E-1
5.417138E1,4.828356E-1,-2.081895E-1
5.420471E1,5.148904E-1,-1.934849E-1
5.423805E1,5.294620E-1,-1.866411E-1
5.427138E1,5.193553E-1,-1.920887E-1
5.430472E1,4.898348E-1,-2.051429E-1
5.433806E1,4.409725E-1,-2.263745E-1
5.437139E1,3.698487E-1,-2.525135E-1
5.440473E1,2.813105E-1,-2.788692E-1
5.443807E1,1.806765E-1,-3.018137E-1
5.447140E1,6.848609E-2,-3.156539E-1
5.450474E1,-4.606103E-2,-3.188130E-1
5.453807E1,-1.586517E-1,-3.131452E-1
5.457141E1,-2.669518E-1,-2.968814E-1
5.460475E1,-3.635722E-1,-2.742932E-1
5.463808E1,-4.499890E-1,-2.469559E-1
5.467142E1,-5.166521E-1,-2.208939E-1
5.470476E1,-5.624604E-1,-2.008500E-1
5.473809E1,-5.899161E-1,-1.871227E-1
5.477143E1,-5.958984E-1,-1.836955E-1
5.480476E1,-5.815565E-1,-1.910440E-1
5.483810E1,-5.488067E-1,-2.069156E-1
5.487144E1,-4.951754E-1,-2.295373E-1
5.490477E1,-4.200141E-1,-2.573533E-1
5.493811E1,-3.302641E-1,-2.823631E-1
5.497144E1,-2.273074E-1,-3.045628E-1
5.500478E1,-1.159243E-1,-3.175638E-1
5.503812E1,-9.423460E-4,-3.192849E-1
5.507145E1,1.132083E-1,-3.113952E-1
5.510479E1,2.152340E-1,-2.952487E-1
5.513813E1,3.069921E-1,-2.734417E-1
5.517146E1,3.808723E-1,-2.486896E-1
5.520480E1,4.623617E-1,-2.188176E-1
5.523813E1,5.007488E-1,-1.999987E-1
5.527147E1,5.200823E-1,-1.899897E-1
5.530481E1,5.198960E-1,-1.905087E-1
5.533814E1,5.002024E-1,-2.006522E-1
5.537148E1,4.614353E-1,-2.176103E-1
5.540482E1,3.972223E-1,-2.442969E-1
5.543815E1,3.169508E-1,-2.705129E-1
5.547149E1,2.228820E-1,-2.948475E-1
5.550482E1,1.175850E-1,-3.133923E-1
5.553816E1,4.322880E-3,-3.207630E-1
5.557150E1,-1.086738E-1,-3.189721E-1
5.560483E1,-2.194740E-1,-3.063551E-1
5.563817E1,-3.205125E-1,-2.865066E-1
5.567151E1,-4.120186E-1,-2.610197E-1
5.570484E1,-4.862228E-1,-2.348238E-1
5.573818E1,-5.403099E-1,-2.122838E-1
5.577151E1,-5.755605E-1,-1.956661E-1
5.580485E1,-5.903485E-1,-1.889300E-1
5.583819E1,-5.857087E-1,-1.911298E-1
5.587152E1,-5.604816E-1,-2.027841E-1
5.590486E1,-5.153011E-1,-2.231575E-1
5.593820E1,-4.507111E-1,-2.476531E-1
5.597153E1,-3.682916E-1,-2.748611E-1
5.600487E1,-2.706492E-1,-2.979755E-1
5.603820E1,-1.642182E-1,-3.136045E-1
5.607154E1,-5.100035E-2,-3.210889E-1
5.610488E1,6.090067E-2,-3.182150E-1
5.613821E1,1.699315E-1,-3.048604E-1
5.617155E1,2.658411E-1,-2.832653E-1
5.620489E1,3.479146E-1,-2.597773E-1
5.623822E1,4.307406E-1,-2.323132E-1
5.627156E1,4.795566E-1,-2.093302E-1
5.630489E1,5.089028E-1,-1.960242E-1
5.633823E1,5.189333E-1,-1.913200E-1
5.637157E1,5.076122E-1,-1.967535E-1
5.640490E1,4.764224E-1,-2.100692E-1
5.643824E1,4.256455E-1,-2.332177E-1
5.647158E1,3.527771E-1,-2.583215E-1
5.650491E1,2.631595E-1,-2.829546E-1
5.653825E1,1.627996E-1,-3.044649E-1
5.657158E1,5.240320E-2,-3.157374E-1
5.660492E1,-6.172224E-2,-3.188755E-1
5.663826E1,-1.708042E-1,-3.111947E-1
5.667159E1,-2.758056E-1,-2.949677E-1
5.670493E1,-3.702375E-1,-2.712066E-1
5.673827E1,-4.514591E-1,-2.463640E-1
5.677160E1,-5.135599E-1,-2.229020E-1
5.680494E1,-5.556247E-1,-2.032231E-1
5.683827E1,-5.792591E-1,-1.925976E-1
5.687161E1,-5.831627E-1,-1.910156E-1
5.690495E1,-5.669527E-1,-1.979616E-1
5.693828E1,-5.299233E-1,-2.150465E-1
5.697162E1,-4.742466E-1,-2.374429E-1
5.700496E1,-3.996529E-1,-2.633012E-1
5.703829E1,-3.085691E-1,-2.872486E-1
5.707163E1,-2.068561E-1,-3.073991E-1
5.710496E1,-9.582601E-2,-3.177315E-1
5.713830E1,1.523089E-2,-3.186482E-1
5.717164E1,1.240612E-1,-3.092145E-1
5.720497E1,2.239571E-1,-2.911370E-1
5.723831E1,3.111048E-1,-2.701495E-1
5.727164E1,3.817527E-1,-2.463951E-1
5.730498E1,4.530873E-1,-2.207197E-1
5.733832E1,4.920414E-1,-2.032786E-1
5.737165E1,5.096095E-1,-1.954878E-1
5.740499E1,5.071581E-1,-1.963606E-1
5.743833E1,4.840845E-1,-2.077109E-1
5.747166E1,4.417249E-1,-2.265860E-1
5.750500E1,3.777539E-1,-2.507156E-1
5.753833E1,2.969605E-1,-2.761510E-1
5.757167E1,2.026522E-1,-2.979162E-1
5.760501E1,9.882636E-2,-3.141320E-1
5.763834E1,-1.615197E-2,-3.192487E-1
5.767168E1,-1.232596E-1,-3.171233E-1
5.770502E1,-2.311259E-1,-3.028059E-1
5.773835E1,-3.290989E-1,-2.825386E-1
5.777169E1,-4.171019E-1,-2.577284E-1
5.780502E1,-4.860213E-1,-2.330803E-1
5.783836E1,-5.363290E-1,-2.122033E-1
5.787170E1,-5.669742E-1,-1.984684E-1
5.790503E1,-5.795526E-1,-1.924694E-1
5.793837E1,-5.718506E-1,-1.956981E-1
5.797171E1,-5.436434E-1,-2.096872E-1
5.800504E1,-4.968410E-1,-2.291356E-1
5.803838E1,-4.291451E-1,-2.534766E-1
5.807171E1,-3.457609E-1,-2.796936E-1
5.810505E1,-2.481891E-1,-3.013614E-1
5.813839E1,-1.422323E-1,-3.151087E-1
5.817172E1,-3.578578E-2,-3.193927E-1
5.820506E1,7.791009E-2,-3.148056E-1
5.823840E1,1.821524E-1,-3.014460E-1
5.827173E1,2.731739E-1,-2.805774E-1
5.830507E1,3.511052E-1,-2.579238E-1
5.833840E1,4.286197E-1,-2.324859E-1
5.837174E1,4.748338E-1,-2.118352E-1
5.840508E1,5.008165E-1,-1.993254E-1
5.843841E1,5.051112E-1,-1.972313E-1
5.847175E1,4.898243E-1,-2.039116E-1
5.850509E1,4.571845E-1,-2.181231E-1
5.853842E1,4.003384E-1,-2.416741E-1
5.857176E1,3.280297E-1,-2.671166E-1
5.860509E1,2.394991E-1,-2.887627E-1
5.863843E1,1.393601E-1,-3.076185E-1
5.867177E1,3.149424E-2,-3.184314E-1
5.870510E1,-7.547086E-2,-3.192625E-1
5.873844E1,-1.870499E-1,-3.100273E-1
5.877178E1,-2.875551E-1,-2.931288E-1
5.880511E1,-3.778196E-1,-2.696076E-1
5.883845E1,-4.542588E-1,-2.456021E-1
5.887178E1,-5.118149E-1,-2.228977E-1
5.890512E1,-5.493673E-1,-2.062196E-1
5.893846E1,-5.691185E-1,-1.961248E-1
5.897179E1,-5.701309E-1,-1.958236E-1
5.900513E1,-5.500726E-1,-2.060714E-1
5.903847E1,-5.108946E-1,-2.232194E-1
5.907180E1,-4.527025E-1,-2.459177E-1
5.910514E1,-3.764386E-1,-2.699873E-1
5.913847E1,-2.850899E-1,-2.922600E-1
5.917181E1,-1.837299E-1,-3.102276E-1
5.920515E1,-7.507033E-2,-3.189130E-1
5.923848E1,3.336367E-2,-3.178896E-1
5.927182E1,1.395561E-1,-3.079311E-1
5.930515E1,2.334325E-1,-2.899786E-1
5.933849E1,3.166898E-1,-2.702684E-1
5.937183E1,3.821243E-1,-2.469706E-1
5.940516E1,4.495063E-1,-2.218330E-1
5.943850E1,4.857244E-1,-2.077417E-1
5.947184E1,4.982524E-1,-2.015798E-1
5.950517E1,4.911173E-1,-2.038561E-1
5.953851E1,4.649204E-1,-2.156644E-1
5.957184E1,4.191212E-1,-2.353058E-1
5.960518E1,3.535109E-1,-2.592875E-1
5.963852E1,2.718585E-1,-2.827049E-1
5.967185E1,1.771150E-1,-3.030413E-1
5.970519E1,7.141292E-2,-3.154806E-1
5.973853E1,-4.020053E-2,-3.210729E-1
5.977186E1,-1.450808E-1,-3.178915E-1
5.980520E1,-2.480218E-1,-3.022055E-1
5.983853E1,-3.430483E-1,-2.806798E-1
5.987187E1,-4.250661E-1,-2.578571E-1
5.990521E1,-4.894489E-1,-2.347930E-1
5.993854E1,-5.355837E-1,-2.142742E-1
5.997188E1,-5.609490E-1,-2.026722E-1
6.000522E1,-5.694985E-1,-1.983853E-1
6.003855E1,-5.571331E-1,-2.045978E-1
6.007189E1,-5.258863E-1,-2.185083E-1
6.010522E1,-4.761717E-1,-2.383578E-1
6.013856E1,-4.065273E-1,-2.625827E-1
6.017190E1,-3.215377E-1,-2.865878E-1
6.020523E1,-2.238805E-1,-3.062503E-1
6.023857E1,-1.195335E-1,-3.182256E-1
6.027191E1,-1.129492E-2,-3.200749E-1
6.030524E1,9.711083E-2,-3.126743E-1
6.033858E1,1.963394E-1,-2.995672E-1
6.037191E1,2.847115E-1,-2.779599E-1
6.040525E1,3.564417E-1,-2.564684E-1
6.043859E1,4.311515E-1,-2.308819E-1
6.047192E1,4.700698E-1,-2.131862E-1
6.050526E1,4.914164E-1,-2.023487E-1
6.053860E1,4.922091E-1,-2.026729E-1
6.057193E1,4.743555E-1,-2.107478E-1
6.060527E1,4.356587E-1,-2.286081E-1
6.063860E1,3.804364E-1,-2.487385E-1
6.067194E1,3.037312E-1,-2.734342E-1
6.070528E1,2.139172E-1,-2.948944E-1
6.073861E1,1.145402E-1,-3.102183E-1
6.077195E1,7.724164E-3,-3.183943E-1
6.080529E1,-9.810451E-2,-3.183889E-1
6.083862E1,-2.050328E-1,-3.071974E-1
6.087196E1,-3.030587E-1,-2.896058E-1
6.090529E1,-3.897191E-1,-2.663253E-1
6.093863E1,-4.597703E-1,-2.430195E-1
6.097197E1,-5.128697E-1,-2.224527E-1
6.100530E1,-5.470604E-1,-2.075538E-1
6.103864E1,-5.617804E-1,-2.004380E-1
6.107198E1,-5.568500E-1,-2.019959E-1
6.110531E1,-5.331783E-1,-2.130877E-1
6.113865E1,-4.914771E-1,-2.300525E-1
6.117198E1,-4.296471E-1,-2.528603E-1
6.120532E1,-3.519244E-1,-2.768274E-1
6.123866E1,-2.589589E-1,-2.984328E-1
6.127199E1,-1.577640E-1,-3.134198E-1
6.130533E1,-5.120009E-2,-3.189072E-1
6.133867E1,5.586561E-2,-3.159589E-1
6.137200E1,1.583329E-1,-3.046136E-1
6.140534E1,2.511263E-1,-2.859841E-1
6.143867E1,3.399656E-1,-2.634333E-1
6.147201E1,4.040969E-1,-2.406139E-1
6.150535E1,4.527971E-1,-2.204525E-1
6.153868E1,4.813195E-1,-2.078349E-1
6.157202E1,4.907050E-1,-2.037040E-1
6.160535E1,4.797456E-1,-2.085254E-1
6.163869E1,4.506764E-1,-2.217339E-1
6.167203E1,4.029443E-1,-2.405971E-1
6.170536E1,3.322851E-1,-2.643362E-1
6.173870E1,2.463762E-1,-2.878642E-1
6.177204E1,1.513667E-1,-3.059171E-1
6.180537E1,4.787923E-2,-3.171871E-1
6.183871E1,-6.149311E-2,-3.190765E-1
6.187204E1,-1.653339E-1,-3.123748E-1
6.190538E1,-2.649321E-1,-2.974282E-1
6.193872E1,-3.552228E-1,-2.761920E-1
6.197205E1,-4.318518E-1,-2.529079E-1
6.200539E1,-4.922054E-1,-2.303413E-1
6.203873E1,-5.307683E-1,-2.141460E-1
6.207206E1,-5.538215E-1,-2.041323E-1
6.210540E1,-5.563131E-1,-2.026876E-1
6.213873E1,-5.398914E-1,-2.098117E-1
6.217207E1,-5.055455E-1,-2.245358E-1
6.220541E1,-4.501537E-1,-2.461517E-1
6.223874E1,-3.793803E-1,-2.690272E-1
6.227208E1,-2.928215E-1,-2.914421E-1
6.230542E1,-1.955286E-1,-3.082234E-1
6.233875E1,-8.968144E-2,-3.179805E-1
6.237209E1,1.519411E-2,-3.185820E-1
6.240542E1,1.195699E-1,-3.099898E-1
6.243876E1,2.146469E-1,-2.952844E-1
6.247210E1,2.955508E-1,-2.757107E-1
6.250543E1,3.632520E-1,-2.533347E-1
6.253877E1,4.326098E-1,-2.304539E-1
6.257211E1,4.682605E-1,-2.142098E-1
6.260544E1,4.837671E-1,-2.064383E-1
6.263878E1,4.802978E-1,-2.081386E-1
6.267211E1,4.572363E-1,-2.197986E-1
6.270545E1,4.160908E-1,-2.373297E-1
6.273879E1,3.543011E-1,-2.581364E-1
6.277212E1,2.747265E-1,-2.817600E-1
6.280546E1,1.852555E-1,-3.015291E-1
6.283880E1,8.473686E-2,-3.145411E-1
6.287213E1,-2.388718E-2,-3.199324E-1
6.290547E1,-1.258217E-1,-3.166430E-1
6.293880E1,-2.267409E-1,-3.038609E-1
6.297214E1,-3.192464E-1,-2.855247E-1
6.300548E1,-4.021115E-1,-2.631361E-1
6.303881E1,-4.660937E-1,-2.408595E-1
6.307215E1,-5.128068E-1,-2.231333E-1
6.310549E1,-5.412820E-1,-2.117531E-1
6.313882E1,-5.513791E-1,-2.064264E-1
6.317216E1,-5.405664E-1,-2.119800E-1
6.320549E1,-5.134641E-1,-2.235780E-1
6.323883E1,-4.684060E-1,-2.410089E-1
6.327217E1,-4.031413E-1,-2.635415E-1
6.330550E1,-3.223237E-1,-2.859851E-1
6.333884E1,-2.293210E-1,-3.042283E-1
6.337218E1,-1.279234E-1,-3.179182E-1
6.340551E1,-2.594951E-2,-3.193674E-1
6.343885E1,8.102765E-2,-3.151320E-1
6.347218E1,1.795586E-1,-3.028452E-1
6.350552E1,2.649058E-1,-2.831224E-1
6.353886E1,3.533021E-1,-2.582334E-1
6.357219E1,4.120425E-1,-2.386917E-1
6.360553E1,4.550846E-1,-2.214248E-1
6.363887E1,4.753596E-1,-2.122378E-1
6.367220E1,4.797716E-1,-2.090273E-1
6.370554E1,4.644490E-1,-2.154200E-1
6.373887E1,4.291008E-1,-2.321471E-1
6.377221E1,3.770281E-1,-2.509496E-1
6.380555E1,3.044439E-1,-2.746962E-1
6.383888E1,2.168531E-1,-2.949239E-1
6.387222E1,1.208029E-1,-3.095321E-1
6.390555E1,1.752899E-2,-3.182544E-1
6.393889E1,-8.532762E-2,-3.184031E-1
6.397223E1,-1.893338E-1,-3.093035E-1
6.400556E1,-2.852788E-1,-2.929295E-1
6.403890E1,-3.694713E-1,-2.716630E-1
6.407224E1,-4.412443E-1,-2.497445E-1
6.410557E1,-4.949087E-1,-2.296617E-1
6.413891E1,-5.292265E-1,-2.150165E-1
6.417224E1,-5.459846E-1,-2.079239E-1
6.420558E1,-5.433599E-1,-2.087990E-1
6.423892E1,-5.223273E-1,-2.180332E-1
6.427225E1,-4.828001E-1,-2.344707E-1
6.430559E1,-4.245120E-1,-2.554015E-1
6.433893E1,-3.500429E-1,-2.766636E-1
6.437226E1,-2.616547E-1,-2.980627E-1
6.440560E1,-1.635191E-1,-3.132834E-1
6.443893E1,-6.562324E-2,-3.176542E-1
6.447227E1,4.342490E-2,-3.179242E-1
6.450561E1,1.436850E-1,-3.076935E-1
6.453894E1,2.322320E-1,-2.908291E-1
6.457228E1,3.102442E-1,-2.714203E-1
6.460562E1,3.907788E-1,-2.452799E-1
6.463895E1,4.338620E-1,-2.290023E-1
6.467229E1,4.643194E-1,-2.150887E-1
6.470562E1,4.766038E-1,-2.096857E-1
6.473896E1,4.677788E-1,-2.141156E-1
6.477230E1,4.383127E-1,-2.272621E-1
6.480563E1,3.943764E-1,-2.449615E-1
6.483897E1,3.287409E-1,-2.665162E-1
6.487231E1,2.445118E-1,-2.885966E-1
6.490564E1,1.530908E-1,-3.053099E-1
6.493898E1,5.271265E-2,-3.176316E-1
6.497231E1,-5.089095E-2,-3.188612E-1
6.500565E1,-1.534745E-1,-3.132954E-1
6.503899E1,-2.499236E-1,-3.001955E-1
6.507232E1,-3.378552E-1,-2.800100E-1
6.510566E1,-4.150221E-1,-2.584014E-1
6.513900E1,-4.740655E-1,-2.371246E-1
6.517233E1,-5.129078E-1,-2.220607E-1
6.520567E1,-5.366132E-1,-2.120878E-1
6.523900E1,-5.414428E-1,-2.099918E-1
6.527234E1,-5.267683E-1,-2.158931E-1
6.530568E1,-4.946105E-1,-2.294739E-1
6.533901E1,-4.422863E-1,-2.488958E-1
6.537235E1,-3.737611E-1,-2.705056E-1
6.540569E1,-2.914158E-1,-2.917512E-1
6.543902E1,-1.972575E-1,-3.085477E-1
6.547236E1,-9.580530E-2,-3.181439E-1
6.550569E1,6.295838E-3,-3.192510E-1
6.553903E1,1.090878E-1,-3.117536E-1
6.557237E1,1.988849E-1,-2.981446E-1
6.560570E1,2.796280E-1,-2.791523E-1
6.563904E1,3.457498E-1,-2.599308E-1
6.567238E1,4.098237E-1,-2.383474E-1
6.570571E1,4.491020E-1,-2.231178E-1
6.573905E1,4.659329E-1,-2.154070E-1
6.577238E1,4.645340E-1,-2.155273E-1
6.580572E1,4.437468E-1,-2.259551E-1
6.583906E1,4.068745E-1,-2.402794E-1
6.587239E1,3.470388E-1,-2.600401E-1
6.590573E1,2.704208E-1,-2.820854E-1
6.593906E1,1.833828E-1,-3.013966E-1
6.597240E1,8.685680E-2,-3.144192E-1
6.600574E1,-1.910999E-2,-3.198501E-1
6.603907E1,-1.168947E-1,-3.176997E-1
6.607241E1,-2.153649E-1,-3.067515E-1
6.610575E1,-3.066084E-1,-2.881883E-1
6.613908E1,-3.875050E-1,-2.672678E-1
6.617242E1,-4.506283E-1,-2.464917E-1
6.620575E1,-4.976639E-1,-2.288041E-1
6.623909E1,-5.255941E-1,-2.177489E-1
6.627243E1,-5.369537E-1,-2.127923E-1
6.630576E1,-5.294905E-1,-2.157033E-1
6.633910E1,-5.029702E-1,-2.264838E-1
6.637244E1,-4.581538E-1,-2.438421E-1
6.640577E1,-3.963762E-1,-2.648049E-1
6.643911E1,-3.181875E-1,-2.860540E-1
6.647244E1,-2.278444E-1,-3.043216E-1
6.650578E1,-1.298923E-1,-3.163445E-1
6.653912E1,-3.122178E-2,-3.188972E-1
6.657245E1,7.242220E-2,-3.153623E-1
6.660579E1,1.687216E-1,-3.031724E-1
6.663913E1,2.516774E-1,-2.848457E-1
6.667246E1,3.222008E-1,-2.676505E-1
6.670580E1,3.913075E-1,-2.448120E-1
6.673913E1,4.341029E-1,-2.294516E-1
6.677247E1,4.589663E-1,-2.186499E-1
6.680581E1,4.622774E-1,-2.166447E-1
6.683914E1,4.479083E-1,-2.231909E-1
6.687248E1,4.146496E-1,-2.373368E-1
6.690582E1,3.654518E-1,-2.537809E-1
6.693915E1,2.952181E-1,-2.760689E-1
6.697249E1,2.107930E-1,-2.959748E-1
6.700582E1,1.185285E-1,-3.103479E-1
6.703916E1,1.899069E-2,-3.187263E-1
6.707250E1,-8.088509E-2,-3.185188E-1
6.710583E1,-1.813619E-1,-3.101031E-1
6.713917E1,-2.749182E-1,-2.950821E-1
6.717251E1,-3.581520E-1,-2.757189E-1
6.720584E1,-4.277714E-1,-2.541528E-1
6.723918E1,-4.807847E-1,-2.352618E-1
6.727251E1,-5.140282E-1,-2.213524E-1
6.730585E1,-5.305234E-1,-2.145195E-1
6.733919E1,-5.285055E-1,-2.152997E-1
6.737252E1,-5.084523E-1,-2.237672E-1
6.740586E1,-4.696084E-1,-2.402901E-1
6.743920E1,-4.134746E-1,-2.595217E-1
6.747253E1,-3.409934E-1,-2.803483E-1
6.750587E1,-2.566938E-1,-2.985954E-1
6.753920E1,-1.624540E-1,-3.130581E-1
6.757254E1,-6.742570E-2,-3.183345E-1
6.760588E1,3.777881E-2,-3.173280E-1
6.763921E1,1.351482E-1,-3.081636E-1
6.767255E1,2.222494E-1,-2.923997E-1
6.770589E1,2.957802E-1,-2.759135E-1
6.773922E1,3.750174E-1,-2.507814E-1
6.777256E1,4.197355E-1,-2.344995E-1
6.780589E1,4.476748E-1,-2.217511E-1
6.783923E1,4.574182E-1,-2.170396E-1
6.787257E1,4.504680E-1,-2.210488E-1
6.790590E1,4.227849E-1,-2.339834E-1
6.793924E1,3.791462E-1,-2.491214E-1
6.797258E1,3.163463E-1,-2.698858E-1
6.800591E1,2.374971E-1,-2.895518E-1
6.803925E1,1.470574E-1,-3.066079E-1
6.807258E1,5.060266E-2,-3.165493E-1
6.810592E1,-5.360240E-2,-3.187130E-1
6.813926E1,-1.488285E-1,-3.138542E-1
6.817259E1,-2.430198E-1,-3.016542E-1
6.820593E1,-3.289420E-1,-2.824583E-1
6.823926E1,-4.022380E-1,-2.629058E-1
6.827260E1,-4.607462E-1,-2.428503E-1
6.830594E1,-5.001020E-1,-2.281296E-1
6.833927E1,-5.219130E-1,-2.185172E-1
6.837261E1,-5.255457E-1,-2.174298E-1
6.840595E1,-5.118011E-1,-2.232940E-1
6.843928E1,-4.800874E-1,-2.354049E-1
6.847262E1,-4.300005E-1,-2.538315E-1
6.850595E1,-3.643865E-1,-2.743520E-1
6.853929E1,-2.831308E-1,-2.930468E-1
6.857263E1,-1.919482E-1,-3.087193E-1
6.860596E1,-9.312985E-2,-3.179683E-1
6.863930E1,5.349271E-3,-3.181950E-1
6.867264E1,1.042069E-1,-3.105494E-1
6.870597E1,1.921106E-1,-2.994494E-1
6.873931E1,2.696719E-1,-2.818488E-1
6.877264E1,3.333438E-1,-2.633744E-1
6.880598E1,3.975558E-1,-2.430206E-1
6.883932E1,4.337356E-1,-2.298032E-1
6.887265E1,4.517825E-1,-2.219703E-1
6.890599E1,4.505114E-1,-2.216231E-1
6.893933E1,4.274638E-1,-2.324594E-1
6.897266E1,3.913544E-1,-2.453038E-1
6.900600E1,3.351323E-1,-2.639914E-1
6.903933E1,2.622586E-1,-2.838151E-1
6.907267E1,1.751038E-1,-3.020023E-1
6.910601E1,8.054272E-2,-3.146247E-1
6.913934E1,-2.053114E-2,-3.190361E-1
6.917268E1,-1.165872E-1,-3.179473E-1
6.920602E1,-2.121115E-1,-3.062978E-1
6.923935E1,-3.013101E-1,-2.896008E-1
6.927269E1,-3.787291E-1,-2.697717E-1
6.930602E1,-4.400563E-1,-2.510288E-1
6.933936E1,-4.841399E-1,-2.331176E-1
6.937270E1,-5.130959E-1,-2.216596E-1
6.940603E1,-5.226018E-1,-2.176916E-1
6.943937E1,-5.148006E-1,-2.214269E-1
6.947271E1,-4.881315E-1,-2.326674E-1
6.950604E1,-4.434923E-1,-2.488089E-1
6.953938E1,-3.827818E-1,-2.686225E-1
6.957271E1,-3.071697E-1,-2.880606E-1
6.960605E1,-2.201108E-1,-3.056171E-1
6.963939E1,-1.243932E-1,-3.167124E-1
6.967272E1,-2.778141E-2,-3.193362E-1
6.970606E1,7.216937E-2,-3.152027E-1
6.973940E1,1.633962E-1,-3.041284E-1
6.977273E1,2.446808E-1,-2.882293E-1
6.980607E1,3.137679E-1,-2.702695E-1
6.983940E1,3.872030E-1,-2.467075E-1
6.987274E1,4.227260E-1,-2.334215E-1
6.990608E1,4.423782E-1,-2.235725E-1
6.993941E1,4.478118E-1,-2.219452E-1
6.997275E1,4.324634E-1,-2.278699E-1
7.000609E1,4.005282E-1,-2.413234E-1
7.003942E1,3.516352E-1,-2.586743E-1
7.007276E1,2.825877E-1,-2.785466E-1
7.010609E1,2.001077E-1,-2.976319E-1
7.013943E1,1.101963E-1,-3.108995E-1
7.017277E1,1.349206E-2,-3.181818E-1
7.020610E1,-8.350653E-2,-3.179932E-1
7.023944E1,-1.811117E-1,-3.100242E-1
7.027277E1,-2.697881E-1,-2.963383E-1
7.030611E1,-3.516897E-1,-2.767820E-1
7.033945E1,-4.182437E-1,-2.581159E-1
7.037278E1,-4.679266E-1,-2.404512E-1
7.040612E1,-5.011201E-1,-2.275868E-1
7.043946E1,-5.163052E-1,-2.210031E-1
7.047279E1,-5.138909E-1,-2.228444E-1
7.050613E1,-4.935423E-1,-2.306042E-1
7.053946E1,-4.551119E-1,-2.456343E-1
7.057280E1,-4.003306E-1,-2.633089E-1
7.060614E1,-3.290068E-1,-2.828338E-1
7.063947E1,-2.459063E-1,-3.016926E-1
7.067281E1,-1.533214E-1,-3.138304E-1
7.070615E1,-5.499597E-2,-3.191657E-1
7.073948E1,4.110048E-2,-3.174134E-1
7.077282E1,1.346175E-1,-3.081649E-1
7.080615E1,2.193428E-1,-2.946460E-1
7.083949E1,3.034780E-1,-2.755719E-1
7.087283E1,3.686420E-1,-2.529235E-1
7.090616E1,4.094784E-1,-2.390626E-1
7.093950E1,4.363544E-1,-2.282294E-1
7.097284E1,4.458557E-1,-2.229607E-1
7.100617E1,4.368209E-1,-2.282215E-1
7.103951E1,4.085147E-1,-2.386196E-1
7.107284E1,3.655921E-1,-2.535985E-1
7.110618E1,3.036558E-1,-2.737059E-1
7.113952E1,2.247639E-1,-2.912293E-1
7.117285E1,1.366235E-1,-3.078126E-1
7.120619E1,4.224253E-2,-3.181639E-1
7.123953E1,-5.594998E-2,-3.184200E-1
7.127286E1,-1.505390E-1,-3.136795E-1
7.130620E1,-2.410401E-1,-3.016498E-1
7.133953E1,-3.259931E-1,-2.843139E-1
7.137287E1,-3.962142E-1,-2.644432E-1
7.140621E1,-4.511431E-1,-2.464585E-1
7.143954E1,-4.887862E-1,-2.316627E-1
7.147288E1,-5.092244E-1,-2.241097E-1
7.150622E1,-5.118693E-1,-2.233079E-1
7.153955E1,-4.970621E-1,-2.297305E-1
7.157289E1,-4.642019E-1,-2.421379E-1
7.160622E1,-4.146811E-1,-2.589180E-1
7.163956E1,-3.484477E-1,-2.792542E-1
7.167290E1,-2.698117E-1,-2.965371E-1
7.170623E1,-1.808155E-1,-3.113461E-1
7.173957E1,-8.530887E-2,-3.182752E-1
7.177291E1,1.086093E-2,-3.181427E-1
7.180624E1,1.062590E-1,-3.106361E-1
7.183958E1,1.909706E-1,-2.986994E-1
7.187291E1,2.756123E-1,-2.806073E-1
7.190625E1,3.462689E-1,-2.604062E-1
7.193959E1,3.940349E-1,-2.443340E-1
7.197292E1,4.256081E-1,-2.326733E-1
7.200626E1,4.394492E-1,-2.266686E-1
7.203960E1,4.354098E-1,-2.277935E-1
7.207293E1,4.135721E-1,-2.379135E-1
7.210627E1,3.744065E-1,-2.507769E-1
7.213960E1,3.184201E-1,-2.699315E-1
7.217294E1,2.456039E-1,-2.884065E-1
7.220628E1,1.615899E-1,-3.044075E-1
7.223961E1,6.923619E-2,-3.155664E-1
7.227295E1,-2.979717E-2,-3.195098E-1
7.230629E1,-1.216407E-1,-3.176086E-1
7.233962E1,-2.146377E-1,-3.064702E-1
7.237296E1,-2.997052E-1,-2.907265E-1
7.240629E1,-3.733827E-1,-2.716093E-1
7.243963E1,-4.323710E-1,-2.533717E-1
7.247297E1,-4.746823E-1,-2.379994E-1
7.250630E1,-4.997858E-1,-2.289032E-1
7.253964E1,-5.078037E-1,-2.249766E-1
7.257297E1,-4.977057E-1,-2.291447E-1
7.260631E1,-4.706434E-1,-2.401265E-1
7.263965E1,-4.247583E-1,-2.571920E-1
7.267298E1,-3.660913E-1,-2.746992E-1
7.270632E1,-2.922003E-1,-2.918867E-1
7.273966E1,-2.070711E-1,-3.080506E-1
7.277299E1,-1.147255E-1,-3.184143E-1
7.280633E1,-2.013399E-2,-3.193320E-1
7.283966E1,7.505886E-2,-3.153961E-1
7.287300E1,1.634544E-1,-3.045372E-1
7.290634E1,2.402812E-1,-2.885396E-1
7.293967E1,3.046106E-1,-2.721374E-1
7.297301E1,3.738540E-1,-2.508255E-1
7.300635E1,4.119973E-1,-2.368832E-1
7.303968E1,4.313142E-1,-2.293328E-1
7.307302E1,4.336887E-1,-2.284963E-1
7.310635E1,4.166235E-1,-2.359603E-1
7.313969E1,3.830511E-1,-2.478119E-1
7.317303E1,3.351221E-1,-2.644079E-1
7.320636E1,2.663258E-1,-2.829830E-1
7.323970E1,1.832288E-1,-3.014943E-1
7.327304E1,9.505381E-2,-3.138760E-1
7.330637E1,1.742248E-3,-3.195764E-1
7.333971E1,-9.246424E-2,-3.185094E-1
7.337304E1,-1.862958E-1,-3.094480E-1
7.340638E1,-2.734920E-1,-2.953707E-1
7.343972E1,-3.502979E-1,-2.775687E-1
7.347305E1,-4.119939E-1,-2.598963E-1
7.350639E1,-4.593630E-1,-2.439205E-1
7.353973E1,-4.899855E-1,-2.320139E-1
7.357306E1,-5.026614E-1,-2.271242E-1
7.360640E1,-4.979155E-1,-2.287911E-1
7.363973E1,-4.769196E-1,-2.375209E-1
7.367307E1,-4.362932E-1,-2.526479E-1
7.370641E1,-3.824568E-1,-2.689895E-1
7.373974E1,-3.120557E-1,-2.877972E-1
7.377308E1,-2.296868E-1,-3.042363E-1
7.380642E1,-1.399210E-1,-3.152813E-1
7.383975E1,-4.593979E-2,-3.191516E-1
7.387309E1,4.975512E-2,-3.173904E-1
7.390642E1,1.393262E-1,-3.078051E-1
7.393976E1,2.184267E-1,-2.945487E-1
7.397310E1,3.029828E-1,-2.744947E-1
7.400643E1,3.567523E-1,-2.568945E-1
7.403977E1,3.987829E-1,-2.412878E-1
7.407311E1,4.252400E-1,-2.326695E-1
7.410644E1,4.292111E-1,-2.289098E-1
7.413978E1,4.192435E-1,-2.338770E-1
