Motion Through Fluids Experiment Mon, Sep 23, 2024 8:27 PM
Time(sec)	Position(mm)
0.030	192.208
0.080	192.208
0.130	192.208
0.180	192.405
0.230	192.405
0.280	192.405
0.330	192.602
0.380	192.602
0.430	192.799
0.480	192.799
0.530	192.799
0.580	192.996
0.630	192.996
0.680	192.996
0.730	193.193
0.780	193.193
0.830	193.193
0.880	193.390
0.930	193.390
0.980	193.390
1.030	193.588
1.080	193.588
1.130	193.785
1.180	193.785
1.230	193.785
1.280	193.982
1.330	193.982
1.380	193.982
1.430	194.179
1.480	194.179
1.530	194.179
1.580	194.376
1.630	194.376
1.680	194.376
1.730	194.573
1.780	194.573
1.830	194.573
1.880	194.770
1.931	194.770
1.980	194.967
2.030	194.967
2.080	194.967
2.130	195.164
2.180	195.164
2.230	195.164
2.280	195.361
2.330	195.361
2.380	195.361
2.430	195.559
2.480	195.559
2.530	195.559
2.580	195.756
2.630	195.756
2.680	195.953
2.730	195.953
2.780	195.953
2.830	196.150
2.880	196.150
2.930	196.150
2.980	196.347
3.030	196.347
3.080	196.347
3.130	196.544
3.180	196.544
3.230	196.544
3.280	196.742
3.330	196.742
3.380	196.742
3.430	196.939
3.480	196.939
3.530	197.136
3.580	197.136
3.630	197.136
3.680	197.333
3.730	197.333
3.780	197.333
3.830	197.530
3.880	197.530
3.930	197.530
3.980	197.728
4.030	197.728
4.080	197.728
4.131	197.925
4.180	197.925
4.230	197.925
4.280	198.122
4.330	198.122
4.380	198.319
4.430	198.319
4.480	198.319
4.530	198.516
4.580	198.516
4.630	198.516
4.680	198.714
4.730	198.714
4.780	198.714
4.830	198.911
4.880	198.911
4.930	198.911
4.980	199.108
5.030	199.108
5.080	199.108
5.130	199.306
5.180	199.306
5.230	199.306
5.280	199.503
5.330	199.503
5.380	199.503
5.430	199.700
5.480	199.700
5.530	199.897
5.580	199.897
5.630	199.897
5.680	200.095
5.730	200.095
5.780	200.095
5.830	200.292
5.880	200.292
5.930	200.292
5.980	200.489
6.030	200.489
6.080	200.489
6.130	200.687
6.180	200.687
6.230	200.687
6.280	200.884
6.330	200.884
6.380	200.884
6.430	201.082
6.480	201.082
6.530	201.279
6.580	201.279
6.630	201.279
6.680	201.476
6.730	201.476
6.780	201.476
6.830	201.674
6.880	201.674
6.930	201.674
6.980	201.871
7.030	201.871
7.080	201.871
7.130	202.068
7.180	202.068
7.230	202.068
7.280	202.266
7.330	202.266
7.380	202.266
7.430	202.463
7.480	202.463
7.530	202.661
7.580	202.661
7.630	202.661
7.680	202.858
7.730	202.858
7.780	202.858
7.830	203.056
7.880	203.056
7.930	203.056
7.980	203.253
8.030	203.253
8.080	203.253
8.130	203.451
8.180	203.451
8.230	203.451
8.280	203.648
8.330	203.648
8.380	203.648
8.430	203.846
8.480	203.846
8.530	203.846
8.580	204.043
8.630	204.043
8.680	204.043
8.730	204.241
8.780	204.241
8.830	204.241
8.880	204.438
8.930	204.438
8.980	204.438
9.030	204.636
9.080	204.636
9.130	204.636
9.180	204.833
9.230	204.833
9.280	205.031
9.330	205.031
9.381	205.031
9.430	205.228
9.480	205.228
9.530	205.228
9.580	205.426
9.630	205.426
9.680	205.426
9.730	205.623
9.780	205.623
9.830	205.623
9.880	205.821
9.930	205.821
9.980	205.821
10.030	206.019
10.080	206.019
10.130	206.019
10.180	206.216
10.230	206.216
10.280	206.216
10.330	206.414
10.380	206.414
10.430	206.414
10.480	206.612
10.530	206.612
10.580	206.612
10.630	206.809
10.680	206.809
10.730	206.809
10.780	207.007
10.830	207.007
10.880	207.007
10.930	207.204
10.980	207.204
11.030	207.204
11.080	207.402
11.130	207.402
11.180	207.402
11.230	207.600
11.280	207.600
11.330	207.600
11.380	207.798
11.430	207.798
11.480	207.798
11.530	207.995
11.580	207.995
11.630	207.995
11.680	208.193
11.730	208.193
11.780	208.193
11.830	208.391
11.880	208.391
11.930	208.588
11.980	208.588
12.030	208.588
12.080	208.786
12.130	208.786
12.180	208.786
12.230	208.984
12.280	208.984
12.330	208.984
12.380	209.182
12.430	209.182
12.480	209.182
12.530	209.379
12.580	209.379
12.630	209.379
12.680	209.577
12.730	209.577
12.780	209.577
12.830	209.775
12.880	209.775
12.930	209.775
12.980	209.973
13.030	209.973
13.080	209.973
13.130	210.171
13.180	210.171
13.230	210.171
13.280	210.369
13.330	210.369
13.380	210.369
13.430	210.566
13.480	210.566
13.530	210.566
13.581	210.764
13.630	210.764
13.680	210.764
13.730	210.962
13.780	210.962
13.830	210.962
13.880	211.160
13.930	211.160
13.980	211.160
14.030	211.358
14.080	211.358
14.130	211.358
14.180	211.556
14.230	211.556
14.280	211.556
14.330	211.754
14.380	211.754
14.430	211.754
14.480	211.952
14.530	211.952
14.580	211.952
14.630	212.150
14.680	212.150
14.730	212.150
14.780	212.348
14.830	212.348
14.880	212.348
14.930	212.546
14.980	212.546
15.030	212.546
15.080	212.744
15.130	212.744
15.180	212.744
15.230	212.942
15.280	212.942
15.330	212.942
15.380	213.140
15.430	213.140
15.480	213.140
15.530	213.338
15.580	213.338
15.630	213.338
15.680	213.536
15.730	213.536
15.780	213.536
15.830	213.734
15.880	213.734
15.930	213.734
15.980	213.932
16.030	213.932
16.080	213.932
16.130	214.130
16.180	214.130
16.230	214.130
16.280	214.328
16.330	214.328
16.380	214.328
16.430	214.526
16.481	214.526
16.530	214.526
16.581	214.724
16.630	214.724
16.680	214.724
16.730	214.922
16.781	214.922
16.830	214.922
16.881	215.120
16.930	215.120
16.981	215.120
17.030	215.318
17.080	215.318
17.130	215.318
17.180	215.517
17.230	215.517
17.280	215.517
17.330	215.715
17.380	215.715
17.430	215.715
17.480	215.913
17.530	215.913
17.580	215.913
17.630	216.111
17.680	216.111
17.730	216.111
17.780	216.111
17.830	216.309
17.880	216.309
17.930	216.309
17.980	216.508
18.030	216.508
18.080	216.508
18.130	216.706
18.180	216.706
18.230	216.706
18.280	216.904
18.330	216.904
18.380	216.904
18.430	217.102
18.480	217.102
18.530	217.102
18.580	217.301
18.630	217.301
18.680	217.301
18.730	217.499
18.780	217.499
18.830	217.499
18.880	217.697
18.930	217.697
18.980	217.697
19.030	217.895
19.080	217.895
19.130	217.895
19.180	218.094
19.230	218.094
19.280	218.094
19.330	218.292
19.380	218.292
19.430	218.292
19.480	218.490
19.530	218.490
19.580	218.490
19.630	218.689
19.680	218.689
19.730	218.689
19.780	218.887
19.830	218.887
19.880	218.887
19.930	219.086
19.980	219.086
20.030	219.086
20.080	219.284
20.130	219.284
20.180	219.284
20.230	219.482
20.280	219.482
20.330	219.482
20.380	219.681
20.430	219.681
20.480	219.681
20.530	219.681
20.580	219.879
20.630	219.879
20.680	219.879
20.730	220.078
20.780	220.078
20.830	220.078
20.880	220.276
20.930	220.276
20.980	220.276
21.030	220.475
21.080	220.475
21.130	220.475
21.180	220.673
21.230	220.673
21.280	220.673
21.330	220.872
21.380	220.872
21.430	220.872
21.480	220.872
21.530	221.070
21.580	221.070
21.630	221.269
21.680	221.269
21.730	221.269
21.780	221.467
21.830	221.467
21.880	221.467
21.930	221.467
21.980	221.666
22.030	221.666
22.080	221.666
22.130	221.865
22.180	221.865
22.230	221.865
22.280	222.063
22.330	222.063
22.380	222.063
22.430	222.262
22.480	222.262
22.530	222.262
22.580	222.460
22.630	222.460
22.680	222.460
22.730	222.659
22.780	222.659
22.830	222.659
22.880	222.858
22.930	222.858
22.980	222.858
23.030	223.056
23.080	223.056
23.130	223.056
23.180	223.056
23.230	223.255
23.280	223.255
23.330	223.255
23.380	223.454
23.430	223.454
23.480	223.454
23.530	223.652
23.580	223.652
23.630	223.652
23.680	223.851
23.730	223.851
23.780	223.851
23.830	224.050
23.880	224.050
23.930	224.050
23.980	224.249
24.030	224.249
24.080	224.249
24.130	224.448
24.180	224.448
24.230	224.448
24.280	224.646
24.330	224.646
24.380	224.646
24.430	224.646
24.480	224.845
24.530	224.845
24.580	224.845
24.630	225.044
24.680	225.044
24.730	225.044
24.780	225.243
24.830	225.243
24.880	225.243
24.930	225.442
24.980	225.442
25.030	225.442
25.080	225.641
25.130	225.641
25.180	225.641
25.230	225.641
25.280	225.839
25.330	225.839
25.380	225.839
25.430	226.038
25.480	226.038
25.530	226.038
25.580	226.237
25.630	226.237
25.680	226.237
25.730	226.436
25.780	226.436
25.830	226.436
25.880	226.635
25.930	226.635
25.980	226.635
26.030	226.834
26.080	226.834
26.130	226.834
26.180	227.033
26.230	227.033
26.280	227.033
26.330	227.033
26.380	227.232
26.430	227.232
26.480	227.232
26.530	227.431
26.580	227.431
26.630	227.431
26.680	227.630
26.730	227.630
26.780	227.630
26.830	227.829
26.880	227.829
26.930	227.829
26.980	228.028
27.030	228.028
27.080	228.028
27.130	228.227
27.180	228.227
27.230	228.227
27.280	228.227
27.331	228.426
27.380	228.426
27.430	228.426
27.480	228.626
27.530	228.626
27.580	228.626
27.630	228.825
27.680	228.825
27.730	228.825
27.780	228.825
27.830	229.024
27.880	229.024
27.930	229.024
27.980	229.223
28.030	229.223
28.080	229.223
28.130	229.422
28.180	229.422
28.230	229.422
28.280	229.621
28.330	229.621
28.380	229.621
28.430	229.821
28.480	229.821
28.530	229.821
28.580	229.821
28.630	230.020
28.680	230.020
28.730	230.020
28.780	230.219
28.830	230.219
28.880	230.219
28.930	230.418
28.980	230.418
29.030	230.418
29.080	230.618
29.130	230.618
29.180	230.618
29.230	230.817
29.280	230.817
29.330	230.817
29.380	230.817
29.430	231.016
29.480	231.016
29.530	231.016
29.580	231.216
29.630	231.216
29.680	231.216
29.730	231.415
29.780	231.415
29.830	231.415
29.880	231.614
29.930	231.614
29.980	231.614
30.030	231.814
30.080	231.814
30.130	231.814
30.180	231.814
30.230	232.013
30.281	232.013
30.330	232.013
30.380	232.213
30.430	232.213
30.480	232.213
30.530	232.412
30.580	232.412
30.630	232.412
30.680	232.611
30.730	232.611
30.780	232.611
30.830	232.811
30.880	232.811
30.930	232.811
30.980	232.811
31.030	233.010
31.080	233.010
31.130	233.010
31.180	233.210
31.230	233.210
31.280	233.210
31.330	233.210
31.380	233.409
31.430	233.409
31.480	233.409
31.530	233.609
31.580	233.609
31.631	233.609
31.680	233.809
31.730	233.809
31.780	233.809
31.830	234.008
31.880	234.008
31.930	234.008
31.980	234.008
32.030	234.208
32.080	234.208
32.130	234.208
32.180	234.407
32.230	234.407
32.280	234.407
32.330	234.607
32.380	234.607
32.430	234.607
32.480	234.807
32.530	234.807
32.580	234.807
32.630	234.807
32.680	235.006
32.730	235.006
32.780	235.006
32.830	235.206
32.880	235.206
32.930	235.206
32.980	235.406
33.030	235.406
33.080	235.406
33.130	235.605
33.180	235.605
33.230	235.605
33.280	235.605
33.330	235.805
33.380	235.805
33.430	235.805
33.480	236.005
33.530	236.005
33.580	236.005
33.630	236.205
33.680	236.205
33.730	236.205
33.780	236.405
33.830	236.405
33.880	236.405
33.930	236.405
33.980	236.604
34.030	236.604
34.080	236.604
34.130	236.804
34.180	236.804
34.230	236.804
34.280	236.804
34.330	237.004
34.380	237.004
34.430	237.004
34.480	237.204
34.530	237.204
34.580	237.204
34.630	237.404
34.680	237.404
34.730	237.404
34.780	237.404
34.830	237.604
34.880	237.604
34.930	237.604
34.980	237.804
35.030	237.804
35.080	237.804
35.130	238.004
35.180	238.004
35.230	238.004
35.280	238.003
35.330	238.204
35.380	238.204
35.430	238.204
35.480	238.404
35.530	238.404
35.580	238.403
35.630	238.604
35.680	238.604
35.730	238.604
35.780	238.804
35.830	238.804
35.880	238.804
35.930	238.804
35.980	239.004
36.030	239.004
36.080	239.003
36.130	239.204
36.180	239.204
36.230	239.204
36.281	239.404
36.330	239.404
36.380	239.404
36.430	239.404
36.481	239.604
36.530	239.604
36.580	239.604
36.630	239.804
36.680	239.804
36.730	239.804
36.780	240.004
36.830	240.004
36.880	240.004
36.930	240.004
36.980	240.204
37.030	240.204
37.080	240.204
37.130	240.405
37.180	240.405
37.230	240.405
37.280	240.605
37.330	240.605
37.380	240.605
37.430	240.605
37.480	240.805