Motion Through Fluids Experiment Mon, Sep 23, 2024 8:29 PM
Time(sec)	Position(mm)
0.031	35.580
0.080	35.789
0.130	35.789
0.180	35.997
0.230	35.997
0.280	36.206
0.330	36.414
0.380	36.622
0.430	36.622
0.480	36.831
0.530	37.039
0.580	37.039
0.630	37.247
0.680	37.455
0.730	37.457
0.780	37.665
0.830	37.872
0.880	38.080
0.930	38.082
0.980	38.288
1.030	38.496
1.080	38.498
1.130	38.704
1.180	38.912
1.230	38.912
1.280	39.120
1.330	39.328
1.380	39.328
1.430	39.535
1.480	39.743
1.530	39.743
1.580	39.953
1.630	40.159
1.680	40.159
1.730	40.366
1.780	40.574
1.830	40.574
1.880	40.782
1.930	40.989
1.980	40.989
2.030	41.197
2.080	41.404
2.130	41.611
2.180	41.611
2.230	41.819
2.280	42.026
2.330	42.026
2.380	42.234
2.430	42.441
2.480	42.441
2.530	42.648
2.580	42.855
2.631	43.062
2.680	43.270
2.730	43.270
2.780	43.270
2.830	43.477
2.880	43.684
2.930	43.891
2.980	44.098
3.030	44.098
3.080	44.305
3.130	44.512
3.180	44.512
3.230	44.718
3.280	44.718
3.330	44.925
3.380	45.132
3.430	45.132
3.480	45.339
3.530	45.546
3.580	45.546
3.630	45.752
3.680	45.959
3.730	46.165
3.780	46.372
3.830	46.372
3.880	46.579
3.930	46.785
3.980	46.785
4.030	46.992
4.080	47.198
4.130	47.198
4.180	47.404
4.230	47.611
4.280	47.611
4.330	47.817
4.380	48.023
4.430	48.023
4.480	48.230
4.530	48.436
4.580	48.436
4.630	48.644
4.680	48.848
4.730	48.848
4.780	49.054
4.830	49.260
4.880	49.260
4.930	49.466
4.980	49.466
5.030	49.672
5.080	49.878
5.130	49.878
5.180	50.084
5.230	50.290
5.280	50.290
5.330	50.496
5.380	50.702
5.430	50.704
5.480	50.909
5.530	51.113
5.580	51.115
5.630	51.321
5.680	51.525
5.730	51.526
5.780	51.730
5.830	51.936
5.880	51.936
5.930	52.142
5.980	52.347
6.030	52.349
6.080	52.553
6.130	52.553
6.180	52.760
6.230	52.964
6.280	52.964
6.330	53.171
6.380	53.375
6.430	53.375
6.480	53.582
6.530	53.785
6.580	53.787
6.630	53.991
6.680	54.196
6.730	54.197
6.780	54.401
6.830	54.401
6.880	54.608
6.930	54.811
6.980	54.811
7.030	55.018
7.080	55.222
7.130	55.223
7.180	55.428
7.230	55.427
7.280	55.633
7.330	55.837
7.380	55.837
7.430	56.043
7.480	56.246
7.530	56.246
7.580	56.453
7.630	56.656
7.680	56.658
7.730	56.863
7.780	56.861
7.830	57.068
7.880	57.271
7.930	57.271
7.980	57.477
8.030	57.475
8.080	57.682
8.130	57.885
8.180	57.885
8.230	58.091
8.280	58.089
8.330	58.294
8.380	58.499
8.430	58.499
8.480	58.703
8.530	58.703
8.580	58.909
8.630	59.112
8.680	59.112
8.730	59.318
8.780	59.523
8.830	59.523
8.880	59.725
8.930	59.725
8.980	59.931
9.030	60.134
9.080	60.136
9.130	60.338
9.180	60.338
9.230	60.544
9.280	60.747
9.330	60.748
9.380	60.951
9.430	60.951
9.480	61.157
9.530	61.359
9.580	61.361
9.630	61.563
9.680	61.563
9.730	61.769
9.780	61.972
9.830	61.973
9.880	62.177
9.930	62.176
9.980	62.381
10.030	62.585
10.081	62.585
10.130	62.787
10.180	62.787
10.230	62.993
10.280	63.197
10.330	63.197
10.380	63.399
10.430	63.399
10.480	63.604
10.530	63.808
10.580	63.808
10.630	64.010
10.680	64.010
10.730	64.216
10.780	64.214
10.830	64.419
10.880	64.623
10.930	64.623
10.980	64.827
11.030	64.825
11.080	65.030
11.130	65.234
11.180	65.234
11.230	65.436
11.280	65.436
11.330	65.641
11.380	65.639
11.430	65.844
11.480	66.046
11.530	66.048
11.580	66.251
11.630	66.251
11.680	66.455
11.730	66.453
11.780	66.658
11.830	66.861
11.880	66.861
11.930	67.063
11.980	67.065
12.030	67.266
12.080	67.266
12.130	67.470
12.180	67.674
12.230	67.674
12.280	67.878
12.330	67.878
12.380	68.079
12.430	68.284
12.480	68.282
12.530	68.485
12.580	68.487
12.630	68.689
12.680	68.690
12.730	68.892
12.780	69.096
12.830	69.096
12.880	69.299
12.930	69.299
12.980	69.501
13.030	69.501
13.080	69.704
13.130	69.908
13.180	69.906
13.230	70.111
13.280	70.111
13.330	70.312
13.380	70.312
13.430	70.515
13.480	70.719
13.530	70.718
13.580	70.922
13.630	70.922
13.680	71.123
13.730	71.123
13.780	71.326
13.830	71.530
13.880	71.529
13.930	71.733
13.980	71.733
14.030	71.934
14.080	71.936
14.130	72.137
14.180	72.341
14.230	72.339
14.280	72.543
14.330	72.543
14.380	72.744
14.430	72.746
14.480	72.947
14.530	72.947
14.580	73.149
14.630	73.353
14.680	73.352
14.730	73.556
14.781	73.556
14.830	73.757
14.880	73.758
14.930	73.959
14.980	73.959
15.030	74.161
15.080	74.365
15.130	74.364
15.180	74.568
15.230	74.566
15.280	74.770
15.330	74.770
15.380	74.971
15.430	74.971
15.480	75.173
15.530	75.377
15.580	75.375
15.630	75.579
15.680	75.577
15.730	75.779
15.780	75.781
15.830	75.981
15.880	76.185
15.930	76.184
15.980	76.387
16.030	76.386
16.080	76.589
16.130	76.588
16.180	76.790
16.230	76.790
16.280	76.992
16.330	76.992
16.380	77.194
16.430	77.397
16.480	77.396
16.530	77.599
16.580	77.598
16.630	77.801
16.680	77.799
16.730	78.001
16.780	78.003
16.831	78.203
16.880	78.406
16.930	78.405
16.980	78.608
17.030	78.607
17.080	78.810
17.130	78.808
17.180	79.012
17.230	79.010
17.280	79.212
17.330	79.214
17.380	79.414
17.430	79.617
17.480	79.615
17.530	79.819
17.580	79.817
17.630	80.020
17.680	80.019
17.730	80.222
17.780	80.220
17.830	80.422
17.880	80.422
17.930	80.623
17.980	80.826
18.030	80.825
18.080	80.825
18.130	81.026
18.180	81.028
18.230	81.228
18.280	81.431
18.330	81.429
18.380	81.632
18.430	81.631
18.480	81.834
18.530	81.832
18.580	82.035
18.630	82.034
18.681	82.235
18.730	82.235
18.781	82.436
18.830	82.639
18.880	82.638
18.930	82.840
18.980	82.839
19.030	83.042
19.080	83.040
19.130	83.243
19.180	83.241
19.230	83.444
19.280	83.443
19.330	83.644
19.380	83.644
19.430	83.845
19.480	83.845
19.530	84.046
19.580	84.249
19.630	84.247
19.680	84.450
19.730	84.448
19.780	84.651
19.830	84.649
19.880	84.852
19.930	84.850
19.980	85.053
20.030	85.052
20.080	85.254
20.130	85.253
20.180	85.454
20.230	85.454
20.280	85.655
20.330	85.857
20.380	85.855
20.430	86.058
20.480	86.056
20.530	86.259
20.580	86.257
20.630	86.460
20.680	86.458
20.730	86.661
20.780	86.659
20.830	86.861
20.880	86.860
20.930	87.062
20.980	87.061
21.030	87.263
21.080	87.261
21.130	87.462
21.180	87.462
21.230	87.663
21.280	87.865
21.330	87.865
21.380	87.864
21.430	88.064
21.480	88.064
21.530	88.265
21.580	88.467
21.630	88.466
21.680	88.668
21.730	88.666
21.780	88.869
21.830	88.867
21.880	89.069
21.930	89.068
21.980	89.270
22.030	89.268
22.080	89.470
22.130	89.469
22.180	89.671
22.230	89.669
22.280	89.871
22.330	89.870
22.380	90.072
22.430	90.070
22.480	90.271
22.530	90.271
22.580	90.471
22.630	90.471
22.681	90.672
22.730	90.673
22.780	90.872
22.830	91.074
22.880	91.073
22.930	91.274
22.980	91.273
23.030	91.475
23.080	91.473
23.130	91.675
23.180	91.674
23.230	91.875
23.280	91.874
23.330	92.076
23.380	92.074
23.430	92.276
23.480	92.274
23.530	92.476
23.580	92.475
23.630	92.676
23.680	92.675
23.730	92.875
23.780	92.875
23.830	93.075
23.880	93.075
23.930	93.275
23.980	93.275
24.030	93.476
24.080	93.677
24.130	93.676
24.180	93.877
24.230	93.876
24.280	94.077
24.330	94.076
24.380	94.277
24.430	94.276
24.480	94.478
24.530	94.476
24.580	94.678
24.630	94.676
24.680	94.878
24.730	94.876
24.780	95.078
24.830	95.076
24.880	95.076
24.930	95.276
24.980	95.477
25.030	95.476
25.080	95.677
25.130	95.676
25.180	95.877
25.230	95.876
25.280	96.077
25.330	96.076
25.380	96.277
25.430	96.276
25.480	96.477
25.530	96.475
25.580	96.677
25.630	96.675
25.680	96.877
25.730	96.875
25.780	97.076
25.830	97.075
25.880	97.276
25.930	97.275
25.980	97.476
26.030	97.474
26.080	97.676
26.130	97.674
26.180	97.875
26.230	97.874
26.280	98.075
26.330	98.074
26.380	98.275
26.430	98.273
26.480	98.473
26.530	98.473
26.580	98.673
26.630	98.673
26.680	98.872
26.730	98.872
26.780	99.072
26.830	99.072
26.880	99.271
26.930	99.271
26.980	99.471
27.030	99.471
27.080	99.671
27.130	99.671
27.180	99.870
27.230	100.071
27.280	100.070
27.330	100.271
27.380	100.269
27.430	100.470
27.480	100.469
27.530	100.670
27.580	100.668
27.630	100.869
27.680	100.868
27.730	101.068
27.780	101.067
27.830	101.268
27.880	101.266
27.930	101.467
27.980	101.466
28.030	101.667
28.080	101.665
28.130	101.665
28.180	101.865
28.230	101.865
28.280	102.064
28.330	102.064
28.380	102.263
28.430	102.263
28.480	102.462
28.530	102.663
28.580	102.662
28.630	102.863
28.680	102.861
28.730	103.062
28.780	103.060
28.830	103.261
28.880	103.260
28.930	103.460
28.980	103.459
29.030	103.659
29.080	103.658
29.130	103.859
29.180	103.857
29.230	104.058
29.280	104.056
29.330	104.257
29.380	104.256
29.430	104.456
29.480	104.455
29.530	104.655
29.580	104.654
29.630	104.854
29.680	104.853
29.730	105.053
29.780	105.052
29.830	105.252
29.880	105.251
29.930	105.452
29.980	105.450
30.030	105.651
30.080	105.649
30.130	105.850
30.180	105.848
30.230	106.047
30.280	106.047
30.330	106.248
30.380	106.246
30.430	106.447
30.480	106.445
30.530	106.646
30.580	106.644
30.630	106.844
30.680	106.843
30.730	107.043
30.780	107.042
30.830	107.241
30.880	107.241
30.930	107.441
30.980	107.440
31.030	107.639
31.080	107.639
31.130	107.838
31.180	107.838
31.230	107.838
31.280	108.036
31.330	108.036
31.380	108.235
31.430	108.235
31.480	108.434
31.530	108.434
31.580	108.633
31.630	108.633
31.680	108.832
31.730	108.832
31.780	109.030
31.830	109.030
31.880	109.229
31.930	109.229
31.980	109.428
32.030	109.428
32.080	109.627
32.130	109.627
32.180	109.825
32.230	109.825
32.280	110.024
32.330	110.024
32.380	110.223
32.430	110.223
32.480	110.421
32.530	110.421
32.580	110.620
32.630	110.620
32.680	110.819
32.730	110.819
32.780	111.017
32.830	111.017
32.880	111.216
32.930	111.216
32.980	111.414
33.030	111.414
33.080	111.613
33.130	111.613
33.180	111.812
33.230	111.812
33.280	112.010
33.330	112.010
33.380	112.209
33.430	112.209
33.480	112.407
33.530	112.407
33.580	112.606
33.630	112.606
33.680	112.804
33.730	112.804
33.780	113.003
33.830	113.003
33.880	113.201
33.930	113.201
33.980	113.400
34.030	113.400
34.080	113.598
34.130	113.598
34.180	113.796
34.230	113.796
34.280	113.995
34.330	113.995
34.380	114.193
34.430	114.193
34.480	114.392
34.530	114.392
34.580	114.590
34.630	114.590
34.680	114.788
34.730	114.788
34.780	114.987
34.830	114.987
34.880	115.185
34.930	115.185
34.980	115.383
35.030	115.383
35.080	115.582
35.130	115.582
35.180	115.780
35.230	115.780
35.280	115.978
35.330	115.978
35.380	115.978
35.430	116.176
35.480	116.375
35.530	116.375
35.580	116.573
35.630	116.573
35.680	116.771
35.730	116.771
35.780	116.969
35.830	116.969
35.880	116.969
35.930	117.167
35.980	117.167
36.030	117.366
36.080	117.366
36.130	117.564
36.180	117.564
36.230	117.762
36.280	117.762
36.330	117.960
36.380	117.960
36.430	118.158
36.480	118.158
36.530	118.356
36.580	118.356
36.630	118.554
36.680	118.554
36.730	118.753
36.780	118.753
36.830	118.951
36.880	118.951
36.930	119.149
36.980	119.149
37.030	119.347
37.080	119.347
37.130	119.545
37.180	119.545
37.230	119.743
37.280	119.743
37.330	119.941
37.380	119.941
37.430	120.139
37.480	120.139