Motion Through Fluids Experiment Mon, Sep 23, 2024 8:54 PM
Time(sec)	Position(mm)
0.033	5.932
0.083	1.193
0.133	0.971
0.183	16.205
0.233	18.754
0.283	21.084
0.333	23.198
0.383	24.885
0.433	26.780
0.483	28.462
0.533	30.142
0.583	31.818
0.633	33.282
0.683	34.742
0.733	36.202
0.783	37.662
0.833	38.908
0.883	40.363
0.933	41.817
0.983	43.061
1.033	44.510
1.083	45.750
1.133	46.990
1.183	48.434
1.233	49.465
1.283	50.906
1.333	52.140
1.383	53.373
1.433	54.605
1.483	55.835
1.533	56.859
1.583	58.088
1.633	59.315
1.683	60.541
1.733	61.766
1.783	62.990
1.833	64.212
1.883	65.231
1.933	66.451
1.983	67.671
2.033	68.687
2.083	69.905
2.133	70.919
2.183	72.135
2.233	73.148
2.283	73.958
2.333	75.373
2.383	76.182
2.433	77.192
2.483	78.202
2.533	79.412
2.583	80.420
2.633	81.428
2.683	82.435
2.733	83.642
2.783	84.648
2.833	85.653
2.883	86.658
2.933	87.661
2.983	88.665
3.033	89.669
3.083	90.672
3.133	91.674
3.183	92.675
3.233	93.676
3.283	94.676
3.333	95.674
3.383	96.674
3.433	97.673
3.483	98.673
3.533	99.671
3.583	100.668
3.633	101.665
3.683	102.662
3.733	103.457
3.783	104.455
3.833	105.450
3.883	106.445
3.933	107.241
3.983	108.235
4.033	109.229
4.083	110.024
4.133	111.016
4.183	112.010
4.233	112.804
4.283	113.796
4.333	114.788
4.383	115.582
4.433	116.573
4.483	117.366
4.533	118.356
4.583	119.347
4.633	120.139
4.683	121.129
4.733	121.920
4.783	122.910
4.833	123.701
4.883	124.690
4.933	125.480
4.983	126.469
5.033	127.259
5.083	128.049
5.133	129.037
5.183	129.827
5.233	130.815
5.283	131.604
5.333	132.393
5.383	133.380
5.433	134.169
5.483	134.958
5.533	135.945
5.583	136.733
5.633	137.324
5.683	138.112
5.733	138.901
5.783	139.887
5.833	140.674
5.883	141.462
5.933	142.250
5.983	143.039
6.033	144.023
6.083	144.811
6.133	145.598
6.183	146.385
6.233	147.174
6.283	148.158
6.333	148.944
6.383	149.731
6.433	150.519
6.483	151.306
6.533	152.093
6.583	152.880
6.633	153.863
6.683	154.650
6.733	155.436
6.783	156.222
6.833	157.010
6.883	157.796
6.933	158.583
6.983	159.369
7.033	160.155
7.083	160.942
7.133	161.728
7.183	162.515
7.233	163.301
7.283	164.087
7.333	164.874
7.383	165.660
7.433	166.446
7.483	167.231
7.533	168.019
7.583	168.805
7.633	169.591
7.683	170.378
7.733	170.968
7.783	171.754
7.833	172.540
7.883	173.327
7.933	174.113
7.983	174.900
8.033	175.686
8.083	176.276
8.133	177.063
8.183	177.849
8.233	178.636
8.283	179.423
8.333	180.209
8.383	180.800
8.433	181.586
8.483	182.373
8.533	183.160
8.583	183.751
8.633	184.538
8.683	185.325
8.733	186.112
8.783	186.703
8.833	187.293
8.883	188.278
8.933	188.672
8.983	189.459
9.033	190.050
9.083	190.838
9.133	191.626
9.183	192.217
9.233	193.005
9.283	193.793
9.334	194.384
9.383	195.173
9.433	195.961
9.483	196.553
9.533	197.341
9.583	197.933
9.633	198.722
9.683	199.314
9.733	200.103
9.783	200.892
9.833	201.484
9.883	202.274
9.933	202.866
9.983	203.656
10.033	204.249
10.083	205.039
10.133	205.631
10.183	206.422
10.233	207.015
10.283	207.805
10.333	208.398
10.383	209.189
10.433	209.783
10.483	210.376
10.533	211.168
10.583	211.761
10.633	212.553
10.683	213.147
10.733	213.939
10.783	214.533
10.833	215.128
10.883	215.920
10.933	216.515
10.983	217.110
11.033	217.903
11.083	218.498
11.133	219.093
11.183	219.887
11.233	220.482
11.283	221.078
11.333	221.872
11.383	222.468
11.433	223.064
11.483	223.858
11.533	224.455
11.583	225.051
11.633	225.648
11.683	226.443
11.733	227.040
11.783	227.637
11.833	228.234
11.883	229.031
11.933	229.629
11.983	230.226
12.033	230.824
12.083	231.422
12.133	231.821
12.183	232.618
12.233	233.417
12.283	233.815
12.333	234.414
12.383	235.013
12.433	235.612
12.483	236.411
12.533	237.011
12.583	237.611
12.633	238.210
12.683	238.810
12.733	239.410
12.783	240.011
12.833	240.611
12.883	241.212
12.933	241.813
12.983	242.614
13.033	243.216
13.083	243.817
13.133	244.419
13.183	245.021
13.233	245.624
13.283	246.226
13.333	246.828
13.383	247.430
13.433	248.034
13.483	248.637
13.533	249.239
13.583	249.844
13.633	250.447
13.683	251.050
13.733	251.654
13.783	252.259
13.833	252.863
13.883	253.468
13.933	254.073
13.983	254.678
14.033	255.082
14.083	255.687
14.133	256.293
14.183	256.899
14.233	257.505
14.283	258.111
14.333	258.718
14.383	259.325
14.433	259.932
14.483	260.539
14.533	261.147
14.583	261.552
14.633	262.160
14.683	262.768
14.733	263.376
14.783	263.985
14.833	264.594
14.883	265.203
14.933	265.609
14.983	266.219
15.033	266.829
15.083	267.439
15.133	268.049
15.183	268.660
15.233	269.067
15.283	269.678
15.333	270.289
15.383	270.901
15.433	271.513
15.483	271.921
15.533	272.329
15.583	272.941
15.633	273.554
15.683	273.963
15.733	274.576
15.783	275.189
15.833	275.803
15.883	276.212
15.933	276.826
15.983	277.441
16.033	278.056
16.083	278.466
16.133	279.081
16.183	279.697
16.233	280.312
16.283	280.723
16.333	281.339
16.383	281.956
16.433	282.367
16.483	282.984
16.533	283.602
16.583	284.014
16.633	284.632
16.683	285.250
16.733	285.662
16.783	286.281
16.833	286.900
16.883	287.314
16.933	287.933
16.983	288.552
17.033	288.966
17.084	289.586
17.133	290.000
17.183	290.621
17.233	0.000
17.283	0.000
17.333	0.000
17.383	0.000
17.433	0.000
17.483	0.000
17.533	0.000
17.583	0.000
17.633	0.000
17.683	0.000
17.733	0.000
17.783	0.000
17.833	0.000
17.883	0.000
17.933	0.000
17.983	0.000
18.033	0.000
18.083	0.000
18.133	0.000
18.183	0.000
18.233	0.000
18.283	0.000
18.333	0.000
18.383	0.000
18.433	0.000
18.483	0.000
18.533	0.000
18.583	0.000
18.633	0.000
18.683	0.000
18.733	0.000
18.783	0.000
18.833	0.000
18.883	0.000
18.933	0.000
18.984	0.000
19.033	0.000
19.083	0.000
19.133	0.000
19.183	0.000
19.233	0.000
19.283	0.000
19.333	0.000
19.383	0.000
19.433	0.000
19.483	0.000
19.533	0.000
19.583	0.000
19.633	0.000
19.683	0.000
19.733	0.000
19.783	0.000
19.833	0.000
19.883	0.000
19.933	0.000
19.983	0.000